# x y z t E 
          1           2           3           0         7.5
   0.941599     1.82119      2.8248   0.0664452     6.48618
   0.890594     1.66119     2.67178     0.13289      5.6985
   0.846297     1.51813     2.53889    0.199336     5.09595
   0.832448     1.55675     2.49734    0.265781     5.09595
   0.815071     1.58902     2.44521    0.332226      5.0922
   0.793838     1.61146     2.38151    0.398671     5.08783
   0.769721     1.62964     2.30916    0.465116      5.0748
   0.742038     1.63863     2.22611    0.531561     5.06921
   0.711371     1.64095     2.13411    0.598007     5.05602
   0.677749     1.63597     2.03325    0.664452     5.04198
   0.641338     1.62369     1.92401    0.730897     5.02516
   0.602336     1.60436     1.80701    0.797342     5.00494
   0.560923     1.57803     1.68277    0.863787     4.98157
   0.517302     1.54489     1.55191    0.930233      4.9548
   0.471681     1.50513     1.41504    0.996678     4.92459
   0.424274     1.45897     1.27282     1.06312     4.89099
   0.375303     1.40666     1.12591     1.12957     4.85408
   0.324996     1.34846    0.974988     1.19601     4.81399
   0.273584     1.28468    0.820753     1.26246     4.77095
   0.221303     1.21564    0.663908      1.3289     4.72519
   0.168388     1.14167    0.505165     1.39535     4.67704
    0.11508     1.06314     0.34524     1.46179     4.62683
  0.0616163    0.980426    0.184849     1.52824     4.57495
   0.008235    0.893917    0.024705     1.59468     4.52181
  -0.044828    0.804025   -0.134484     1.66113     4.46784
   -0.09734     0.71117    -0.29202     1.72757     4.41348
  -0.149072    0.615783   -0.447216     1.79402     4.35918
    -0.1998    0.518303   -0.599401     1.86047     4.30539
  -0.249307    0.419176    -0.74792     1.92691     4.25253
   -0.29738    0.318852   -0.892141     1.99336     4.20103
  -0.343818    0.217782    -1.03145      2.0598     4.15126
  -0.388424    0.116419    -1.16527     2.12625     4.10359
  -0.431014   0.0152143    -1.29304     2.19269     4.05833
  -0.471413  -0.0853854    -1.41424     2.25914     4.01575
  -0.509456   -0.184938    -1.52837     2.32558     3.97608
   -0.54499   -0.283011    -1.63497     2.39203      3.9395
  -0.577875   -0.379179    -1.73363     2.45847     3.90612
  -0.607983   -0.473029    -1.82395     2.52492     3.87602
  -0.635198   -0.564161    -1.90559     2.59136      3.8492
   -0.65942   -0.652189    -1.97826     2.65781     3.82562
  -0.680561   -0.736745    -2.04168     2.72425     3.80518
  -0.698548   -0.817476    -2.09564      2.7907     3.78774
  -0.713323   -0.894052    -2.13997     2.85714      3.7731
  -0.724841   -0.966159    -2.17452     2.92359     3.76101
  -0.733072    -1.03351    -2.19922     2.99003     3.75121
  -0.738003    -1.09584    -2.21401     3.05648     3.74337
  -0.739634     -1.1529     -2.2189     3.12292     3.73716
  -0.737978    -1.20447    -2.21393     3.18937     3.73222
  -0.733066    -1.25037     -2.1992     3.25581     3.72817
   -0.72494    -1.29043    -2.17482     3.32226     3.72464
  -0.713659    -1.32451    -2.14098      3.3887     3.72122
  -0.699292     -1.3525    -2.09788     3.45515     3.71755
  -0.681924    -1.37431    -2.04577     3.52159     3.71327
  -0.661652    -1.38989    -1.98496     3.58804     3.70801
  -0.638585    -1.39921    -1.91576     3.65449     3.70147
  -0.612844    -1.40228    -1.83853     3.72093     3.69334
   -0.58456    -1.39912    -1.75368     3.78738     3.68338
  -0.553876    -1.38978    -1.66163     3.85382     3.67135
  -0.520943    -1.37435    -1.56283     3.92027     3.65709
  -0.485922    -1.35294    -1.45777     3.98671     3.64045
  -0.448982    -1.32568    -1.34695     4.05316     3.62136
  -0.410299    -1.29273     -1.2309      4.1196     3.59976
  -0.370057    -1.25427    -1.11017     4.18605     3.57568
  -0.328443    -1.21052    -0.98533     4.25249     3.54917
  -0.285652     -1.1617   -0.856956     4.31894     3.52032
   -0.24188    -1.10805   -0.725641     4.38538     3.48927
  -0.197328    -1.04986   -0.591984     4.45183     3.45621
  -0.152198   -0.987407   -0.456595     4.51827     3.42135
  -0.106694   -0.920995   -0.320083     4.58472     3.38495
 -0.0610204   -0.850947   -0.183061     4.65116     3.34727
 -0.0153797   -0.777596   -0.046139     4.71761     3.30862
  0.0300259   -0.701289   0.0900777     4.78405      3.2693
  0.0749968   -0.622384     0.22499      4.8505     3.22964
   0.119337   -0.541247    0.358011     4.91694     3.18997
   0.162854   -0.458253    0.488562     4.98339      3.1506
   0.205361   -0.373781    0.616082     5.04983     3.11186
   0.246676   -0.288215    0.740027     5.11628     3.07405
   0.286624   -0.201942    0.859871     5.18272     3.03746
   0.325037   -0.115347    0.975112     5.24917     3.00236
   0.361757  -0.0288176     1.08527     5.31561     2.96897
    0.39663   0.0572648     1.18989     5.38206     2.93751
   0.429515    0.142522     1.28855      5.4485     2.90815
    0.46028    0.226581     1.38084     5.51495     2.88102
   0.488803    0.309079     1.46641      5.5814     2.85622
   0.514971     0.38966     1.54491     5.64784      2.8338
   0.538686     0.46798     1.61606     5.71429     2.81378
   0.559857    0.543707     1.67957     5.78073     2.79614
   0.578409    0.616524     1.73523     5.84718      2.7808
   0.594276    0.686127     1.78283     5.91362     2.76768
   0.607407    0.752229     1.82222     5.98007     2.75662
   0.617761    0.814561     1.85328     6.04651     2.74747
    0.62531    0.872873     1.87593     6.11296     2.74002
   0.630041    0.926932     1.89012      6.1794     2.73406
    0.63195    0.976527     1.89585     6.24585     2.72933
   0.631048     1.02147     1.89314     6.31229     2.72557
   0.627358     1.06159     1.88207     6.37874     2.72251
   0.620915     1.09674     1.86274     6.44518     2.71988
   0.611765      1.1268      1.8353     6.51163     2.71739
   0.599967     1.15168      1.7999     6.57807     2.71477
   0.585591     1.17129     1.75677     6.64452     2.71174
   0.568717     1.18558     1.70615     6.71096     2.70806
   0.549437     1.19453     1.64831     6.77741     2.70347
   0.527853     1.19813     1.58356     6.84385     2.69776
   0.504074     1.19639     1.51222      6.9103     2.69074
   0.478222     1.18938     1.43467     6.97674     2.68225
   0.450423     1.17714     1.35127     7.04319     2.67214
   0.420815     1.15977     1.26245     7.10963     2.66032
   0.389541     1.13739     1.16862     7.17608     2.64671
   0.356749     1.11011     1.07025     7.24252     2.63128
   0.322595      1.0781    0.967786     7.30897     2.61403
    0.28724     1.04153    0.861721     7.37542     2.59499
   0.250848     1.00059    0.752545     7.44186     2.57423
   0.213587    0.955495    0.640762     7.50831     2.55185
   0.175628    0.906466    0.526885     7.57475     2.52797
   0.137144    0.853748    0.411431      7.6412     2.50275
  0.0983074    0.797601    0.294922     7.70764     2.47636
  0.0592939    0.738295    0.177882     7.77409     2.44901
  0.0202772    0.676114   0.0608315     7.84053      2.4209
 -0.0185702    0.611352  -0.0557105     7.90698     2.39226
 -0.0570771    0.544314   -0.171231     7.97342     2.36333
 -0.0950755    0.475311   -0.285227     8.03987     2.33435
    -0.1324    0.404661   -0.397201     8.10631     2.30555
  -0.168891    0.332689   -0.506673     8.17276     2.27716
  -0.204391    0.259723   -0.613174      8.2392     2.24942
  -0.238751    0.186091   -0.716253     8.30565     2.22253
  -0.271825    0.112124   -0.815475     8.37209     2.19668
  -0.303475   0.0381522   -0.910426     8.43854     2.17207
  -0.333572   -0.035497    -1.00072     8.50498     2.14883
  -0.361991     -0.1085    -1.08597     8.57143      2.1271
  -0.388619   -0.180537    -1.16586     8.63787     2.10699
  -0.413349   -0.251296    -1.24005     8.70432     2.08857
  -0.436085   -0.320472    -1.30825     8.77076     2.07188
  -0.456738    -0.38777    -1.37021     8.83721     2.05694
  -0.475232   -0.452903     -1.4257     8.90365     2.04374
  -0.491499   -0.515598     -1.4745      8.9701     2.03224
  -0.505481   -0.575594    -1.51644     9.03654     2.02237
  -0.517132   -0.632642     -1.5514     9.10299     2.01403
  -0.526415    -0.68651    -1.57925     9.16944     2.00711
  -0.533307    -0.73698    -1.59992     9.23588     2.00145
   -0.53779   -0.783852    -1.61337     9.30233     1.99691
  -0.539863   -0.826941    -1.61959     9.36877      1.9933
  -0.539532   -0.866082     -1.6186     9.43522     1.99045
  -0.536813   -0.901128    -1.61044     9.50166     1.98814
  -0.531736   -0.931951    -1.59521     9.56811     1.98618
  -0.524338   -0.958443    -1.57301     9.63455     1.98435
  -0.514668   -0.980515      -1.544       9.701     1.98247
  -0.502782   -0.998098    -1.50835     9.76744     1.98033
   -0.48875    -1.01115    -1.46625     9.83389     1.97774
  -0.472646    -1.01963    -1.41794     9.90033     1.97452
  -0.454557    -1.02354    -1.36367     9.96678     1.97052
  -0.434575    -1.02289    -1.30372     10.0332     1.96558
  -0.412801    -1.01772     -1.2384     10.0997     1.95958
  -0.389345    -1.00808    -1.16803     10.1661     1.95242
   -0.36432   -0.994035    -1.09296     10.2326     1.94403
  -0.337848   -0.975684    -1.01354      10.299     1.93433
  -0.310056   -0.953134   -0.930169     10.3654     1.92331
  -0.281076   -0.926514   -0.843228     10.4319     1.91096
  -0.251044   -0.895968   -0.753132     10.4983     1.89729
    -0.2201   -0.861657   -0.660299     10.5648     1.88236
  -0.188387   -0.823759    -0.56516     10.6312     1.86623
   -0.15605   -0.782466    -0.46815     10.6977     1.84899
  -0.123237   -0.737982   -0.369712     10.7641     1.83074
 -0.0900967   -0.690526    -0.27029     10.8306     1.81162
 -0.0567775   -0.640327   -0.170333      10.897     1.79177
 -0.0234283   -0.587627   -0.070285     10.9635     1.77134
 0.00980304   -0.532675   0.0294091     11.0299     1.75049
  0.0427702   -0.475729    0.128311     11.0963     1.72939
  0.0753289   -0.417055    0.225987     11.1628     1.70822
   0.107338   -0.356925    0.322013     11.2292     1.68716
   0.138659   -0.295613    0.415976     11.2957     1.66637
   0.169157     -0.2334    0.507472     11.3621     1.64601
   0.198705   -0.170567    0.596114     11.4286     1.62625
   0.227176   -0.107396    0.681527      11.495     1.60723
   0.254451  -0.0441688    0.763354     11.5615     1.58909
   0.280419   0.0188336    0.841258     11.6279     1.57193
   0.304973   0.0813339    0.914919     11.6944     1.55586
   0.328013    0.143059     0.98404     11.7608     1.54095
   0.349448     0.20374     1.04834     11.8272     1.52727
   0.369193    0.263116     1.10758     11.8937     1.51485
   0.387172    0.320933     1.16151     11.9601     1.50371
   0.403317    0.376944     1.20995     12.0266     1.49385
   0.417569    0.430914     1.25271      12.093     1.48523
   0.429877    0.482617     1.28963     12.1595      1.4778
     0.4402     0.53184      1.3206     12.2259     1.47152
   0.448505     0.57838     1.34552     12.2924     1.46628
   0.454769    0.622051     1.36431     12.3588     1.46199
   0.458978    0.662677     1.37693     12.4252     1.45853
   0.461126    0.700098     1.38338     12.4917     1.45579
   0.461219    0.734171     1.38366     12.5581     1.45361
   0.459268    0.764767      1.3778     12.6246     1.45186
   0.455297    0.791773     1.36589      12.691     1.45039
   0.449336    0.815093     1.34801     12.7575     1.44906
   0.441425     0.83465     1.32428     12.8239      1.4477
   0.431612    0.850381     1.29484     12.8904     1.44618
   0.419953    0.862241     1.25986     12.9568     1.44436
   0.406512    0.870205     1.21954     13.0233      1.4421
   0.391361    0.874263     1.17408     13.0897     1.43929
   0.374577    0.874423     1.12373     13.1561     1.43582
   0.356246     0.87071     1.06874     13.2226     1.43159
   0.336459    0.863166     1.00938      13.289     1.42652
   0.315314     0.85185    0.945942     13.3555     1.42056
   0.292913    0.836837    0.878739     13.4219     1.41366
   0.269364    0.818218    0.808093     13.4884     1.40579
   0.244779      0.7961    0.734337     13.5548     1.39695
   0.219273    0.770604     0.65782     13.6213     1.38715
   0.192966    0.741866    0.578898     13.6877     1.37641
   0.165979    0.710033    0.497938     13.7542     1.36479
   0.138437    0.675268    0.415311     13.8206     1.35234
   0.110464    0.637743    0.331393      13.887     1.33915
  0.0821887    0.597644    0.246566     13.9535      1.3253
  0.0537369    0.555165    0.161211     14.0199      1.3109
  0.0252362    0.510511   0.0757087     14.0864     1.29605
-0.00318681    0.463892 -0.00956044     14.1528     1.28087
 -0.0314069    0.415529  -0.0942207     14.2193     1.26549
 -0.0593004    0.365647   -0.177901     14.2857     1.25004
  -0.086746    0.314478   -0.260238     14.3522     1.23463
  -0.113625    0.262256   -0.340875     14.4186     1.21941
  -0.139823     0.20922   -0.419468      14.485     1.20448
  -0.165227     0.15561    -0.49568     14.5515     1.18996
  -0.189731    0.101667   -0.569192     14.6179     1.17597
  -0.213231   0.0476326   -0.639694     14.6844      1.1626
  -0.235632 -0.00625401   -0.706896     14.7508     1.14993
   -0.25684  -0.0597548   -0.770521     14.8173     1.13805
   -0.27677   -0.112636   -0.830311     14.8837     1.12701
  -0.295343   -0.164666   -0.886028     14.9502     1.11685
  -0.312484   -0.215622   -0.937451     15.0166     1.10761
  -0.328127   -0.265285   -0.984382     15.0831     1.09931
  -0.342214   -0.313442    -1.02664     15.1495     1.09194
  -0.354691   -0.359892    -1.06407     15.2159     1.08548
  -0.365516    -0.40444    -1.09655     15.2824      1.0799
  -0.374649   -0.446901    -1.12395     15.3488     1.07516
  -0.382064   -0.487101    -1.14619     15.4153      1.0712
  -0.387737   -0.524877    -1.16321     15.4817     1.06795
  -0.391655   -0.560078    -1.17497     15.5482     1.06532
  -0.393814   -0.592564    -1.18144     15.6146     1.06323
  -0.394214   -0.622212    -1.18264     15.6811     1.06157
  -0.392866   -0.648907     -1.1786     15.7475     1.06025
  -0.389787   -0.672551    -1.16936      15.814     1.05914
  -0.385003    -0.69306    -1.15501     15.8804     1.05816
  -0.378546   -0.710365    -1.13564     15.9468     1.05718
  -0.370455   -0.724408    -1.11137     16.0133      1.0561
  -0.360778   -0.735151    -1.08233     16.0797     1.05482
  -0.349568   -0.742567     -1.0487     16.1462     1.05324
  -0.336884   -0.746646    -1.01065     16.2126     1.05127
  -0.322793   -0.747391    -0.96838     16.2791     1.04882
  -0.307366   -0.744823   -0.922099     16.3455     1.04584
  -0.290681   -0.738973   -0.872043      16.412     1.04226
   -0.27282    -0.72989   -0.818459     16.4784     1.03803
  -0.253869   -0.717635   -0.761606     16.5449     1.03311
   -0.23392   -0.702284   -0.701759     16.6113      1.0275
  -0.213067   -0.683926   -0.639202     16.6777     1.02117
   -0.19141   -0.662661    -0.57423     16.7442     1.01414
  -0.169049   -0.638603   -0.507147     16.8106     1.00643
  -0.146088   -0.611877   -0.438264     16.8771    0.998059
  -0.122633    -0.58262   -0.367899     16.9435    0.989079
 -0.0987905   -0.550977   -0.296372       17.01    0.979541
 -0.0746692   -0.517104   -0.224007     17.0764    0.969512
 -0.0503774   -0.481167   -0.151132     17.1429    0.959063
  -0.026024   -0.443338  -0.0780719     17.2093    0.948274
-0.00171714   -0.403798 -0.00515142     17.2757     0.93723
  0.0224358   -0.362732   0.0673074     17.3422    0.926022
  0.0463289   -0.320332    0.138987     17.4086    0.914742
  0.0698581   -0.276796    0.209574     17.4751    0.903482
  0.0929217   -0.232324    0.278765     17.5415    0.892334
   0.115421   -0.187119    0.346262      17.608    0.881388
   0.137259   -0.141385    0.411776     17.6744    0.870729
   0.158344   -0.095329    0.475033     17.7409    0.860438
   0.178588   -0.049157    0.535765     17.8073    0.850586
   0.197907  -0.0030741    0.593722     17.8738     0.84124
   0.216221   0.0427162    0.648664     17.9402    0.832455
   0.233457   0.0880131     0.70037     18.0066    0.824278
   0.249543    0.132619     0.74863     18.0731    0.816743
   0.264418    0.176342    0.793255     18.1395    0.809875
   0.278024    0.218993    0.834071      18.206    0.803686
   0.290307    0.260391    0.870922     18.2724    0.798179
   0.301224    0.300362    0.903673     18.3389    0.793342
   0.310735    0.338736    0.932204     18.4053    0.789155
   0.318806    0.375356    0.956418     18.4718    0.785587
   0.325412     0.41007    0.976236     18.5382    0.782595
   0.330533    0.442738    0.991599     18.6047     0.78013
   0.334157    0.473228     1.00247     18.6711    0.778132
   0.336277    0.501421     1.00883     18.7375    0.776537
   0.336893    0.527205     1.01068      18.804    0.775274
   0.336014    0.550484     1.00804     18.8704    0.774268
   0.333653    0.571171     1.00096     18.9369     0.77344
    0.32983    0.589191    0.989491     19.0033    0.772711
   0.324572    0.604483    0.973717     19.0698    0.772001
   0.317912    0.616996    0.953737     19.1362    0.771232
   0.309889    0.626694    0.929666     19.2027    0.770329
   0.300546    0.633553    0.901639     19.2691    0.769219
   0.289935    0.637561    0.869805     19.3355    0.767836
    0.27811    0.638719    0.834331      19.402     0.76612
   0.265133    0.637041    0.795399     19.4684    0.764018
   0.251068    0.632554    0.753204     19.5349    0.761485
   0.235984    0.625295    0.707953     19.6013    0.758485
   0.219956    0.615316    0.659869     19.6678    0.754991
   0.203061    0.602679    0.609182     19.7342    0.750986
   0.185378    0.587457    0.556134     19.8007    0.746463
   0.166992    0.569734    0.500977     19.8671    0.741424
   0.147989    0.549607    0.443967     19.9336    0.735881
   0.128457     0.52718    0.385371          20    0.729856
