# x y z 
   0.808086     1.39035     2.42426
   0.775514     1.27615     2.32654
   0.748095      1.1742     2.24429
     0.7254     1.08335      2.1762
   0.698202     1.09975     2.09461
   0.667782     1.11174     2.00335
   0.634557     1.11727     1.90367
   0.598417     1.11961     1.79525
   0.559653     1.11591     1.67896
   0.518398     1.10761     1.55519
   0.474836     1.09438     1.42451
   0.429168     1.07624      1.2875
   0.381591     1.05335     1.14477
    0.33232     1.02577    0.996959
   0.281572    0.993635    0.844716
   0.229573    0.957085    0.688719
   0.176554    0.916281    0.529663
   0.122751    0.871408    0.368253
  0.0684026    0.822663    0.205208
  0.0137502    0.770262   0.0412507
 -0.0409632     0.71444    -0.12289
 -0.0954947    0.655444   -0.286484
  -0.149602    0.593536   -0.448806
  -0.203045    0.528991   -0.609134
  -0.255585    0.462096   -0.766755
   -0.30699    0.393148    -0.92097
  -0.357031    0.322453    -1.07109
  -0.405486    0.250325    -1.21646
  -0.452139    0.177086    -1.35642
  -0.496784     0.10306    -1.49035
  -0.539222   0.0285755    -1.61767
  -0.579264  -0.0460356    -1.73779
  -0.616732   -0.120442     -1.8502
  -0.651461   -0.194314    -1.95438
  -0.683295   -0.267322    -2.04988
  -0.712093   -0.339142    -2.13628
  -0.737728   -0.409456    -2.21318
  -0.760086   -0.477951    -2.28026
  -0.779066   -0.544322     -2.3372
  -0.794585   -0.608275    -2.38376
  -0.806574   -0.669525    -2.41972
   -0.81498   -0.727801    -2.44494
  -0.819765   -0.782844     -2.4593
  -0.820908   -0.834409    -2.46272
  -0.818404   -0.882266    -2.45521
  -0.812264   -0.926204    -2.43679
  -0.802515   -0.966027    -2.40755
  -0.789201    -1.00156     -2.3676
  -0.772381    -1.03264    -2.31714
  -0.752129    -1.05913    -2.25639
  -0.728536    -1.08092    -2.18561
  -0.701706    -1.09791    -2.10512
  -0.671758    -1.11002    -2.01528
  -0.638826    -1.11719    -1.91648
  -0.603056    -1.11941    -1.80917
  -0.564607    -1.11665    -1.69382
  -0.523649    -1.10893    -1.57095
  -0.480365    -1.09628     -1.4411
  -0.434947    -1.07876    -1.30484
  -0.387597    -1.05645    -1.16279
  -0.338524    -1.02945    -1.01557
  -0.287947   -0.997868   -0.863842
  -0.236092   -0.961857   -0.708275
  -0.183187   -0.921573   -0.549561
  -0.129468   -0.877194   -0.388405
 -0.0751747   -0.828919   -0.225524
  -0.020547    -0.77696  -0.0616409
   0.034172    -0.72155    0.102516
  0.0887392   -0.662935    0.266218
   0.142912   -0.601374    0.428736
    0.19645   -0.537141     0.58935
   0.249115   -0.470522    0.747346
   0.300674   -0.401812    0.902021
   0.350896   -0.331318     1.05269
    0.39956   -0.259351     1.19868
   0.446449   -0.186232     1.33935
   0.491354   -0.112286     1.47406
   0.534076  -0.0378409     1.60223
   0.574425   0.0367723     1.72328
   0.612222    0.111222     1.83667
     0.6473    0.185178      1.9419
   0.679501    0.258311      2.0385
   0.708684    0.330296     2.12605
   0.734718    0.400814     2.20416
   0.757489    0.469551     2.27247
   0.776893    0.536202     2.33068
   0.792847    0.600471     2.37854
   0.805277    0.662072     2.41583
   0.814131    0.720732     2.44239
   0.819367     0.77619      2.4581
   0.820963    0.828199     2.46289
   0.818911    0.876529     2.45673
   0.813222    0.920964     2.43967
   0.803919    0.961308     2.41176
   0.791045    0.997381     2.37314
   0.774657     1.02902     2.32397
   0.754827     1.05609     2.26448
   0.731643     1.07847     2.19493
   0.705209     1.09606     2.11563
   0.675642     1.10878     2.02693
   0.643073     1.11657     1.92922
   0.607647      1.1194     1.82294
   0.569522     1.11726     1.70857
   0.528866     1.11015      1.5866
   0.485861     1.09811     1.45758
   0.440697      1.0812     1.32209
   0.393575     1.05948     1.18073
   0.344705     1.03305     1.03411
   0.294303     1.00203     0.88291
   0.242594    0.966564    0.727782
   0.189807    0.926801    0.569421
   0.136177    0.882921     0.40853
  0.0819415    0.835118    0.245825
  0.0273423    0.783605   0.0820268
 -0.0273785    0.728611  -0.0821355
 -0.0819776     0.67038   -0.245933
  -0.136213     0.60917   -0.408638
  -0.189842    0.545254   -0.569527
  -0.242629    0.478915   -0.727886
  -0.294337    0.410449   -0.883011
  -0.344738     0.34016    -1.03421
  -0.393607    0.268359    -1.18082
  -0.440727    0.195366    -1.32218
   -0.48589    0.121505    -1.45767
  -0.528893   0.0471037    -1.58668
  -0.569547  -0.0275065    -1.70864
  -0.607671   -0.101994    -1.82301
  -0.643095   -0.176029    -1.92928
  -0.675662   -0.249282    -2.02698
  -0.705227   -0.321427    -2.11568
  -0.731658   -0.392144    -2.19498
   -0.75484   -0.461119    -2.26452
  -0.774667   -0.528046      -2.324
  -0.791053   -0.592626    -2.37316
  -0.803925   -0.654574    -2.41178
  -0.813225   -0.713613    -2.43968
  -0.818912   -0.769482    -2.45674
  -0.820961   -0.821932    -2.46288
  -0.819363   -0.870731    -2.45809
  -0.814124   -0.915661    -2.44237
  -0.805268   -0.956524     -2.4158
  -0.792835   -0.993136    -2.37851
   -0.77688    -1.02534    -2.33064
  -0.757472    -1.05298    -2.27242
    -0.7347    -1.07595     -2.2041
  -0.708664    -1.09414    -2.12599
  -0.679479    -1.10746    -2.03844
  -0.647276    -1.11587    -1.94183
  -0.612196    -1.11932    -1.83659
  -0.574397    -1.11779    -1.72319
  -0.534046     -1.1113    -1.60214
  -0.491323    -1.09987    -1.47397
  -0.446417    -1.08356    -1.33925
  -0.399527    -1.06243    -1.19858
  -0.350862    -1.03658    -1.05259
  -0.300639    -1.00613   -0.901917
   -0.24908   -0.971204   -0.747239
  -0.196414   -0.931966   -0.589242
  -0.142876   -0.888587   -0.428627
 -0.0887028    -0.84126   -0.266108
 -0.0341357   -0.790196   -0.102407
  0.0205831   -0.735621   0.0617493
  0.0752104   -0.677778    0.225631
   0.129504   -0.616924    0.388511
   0.183221   -0.553329    0.549664
   0.236125   -0.487276    0.708376
    0.28798   -0.419058     0.86394
   0.338555   -0.348978     1.01567
   0.387627   -0.277348     1.16288
   0.434976   -0.204486     1.30493
   0.480392   -0.130715     1.44118
   0.523675  -0.0563632     1.57102
    0.56463   0.0182388     1.69389
   0.603078   0.0927598     1.80923
   0.638846    0.166869     1.91654
   0.671775    0.240236     2.01533
   0.701721    0.312536     2.10516
   0.728548    0.383448     2.18564
   0.752139    0.452656     2.25642
   0.772388    0.519853     2.31717
   0.789206    0.584741     2.36762
   0.802518     0.64703     2.40755
   0.812264    0.706445     2.43679
   0.818401    0.762722      2.4552
   0.820903     0.81561     2.46271
   0.819758    0.864874     2.45927
    0.81497    0.910296     2.44491
   0.806562    0.951674     2.41969
   0.794571    0.988823     2.38371
   0.779049     1.02158     2.33715
   0.760066      1.0498      2.2802
   0.737707     1.07335     2.21312
    0.71207     1.09214     2.13621
    0.68327     1.10607     2.04981
   0.651434     1.11509      1.9543
   0.616703     1.11916     1.85011
   0.579233     1.11825      1.7377
    0.53919     1.11237     1.61757
   0.496751     1.10156     1.49025
   0.452105     1.08585     1.35632
   0.405451     1.06531     1.21635
   0.356995     1.04004     1.07099
   0.306954     1.01015    0.920861
   0.255548    0.975778    0.766645
   0.203008    0.937067    0.609023
   0.149565    0.894192    0.448695
  0.0954579    0.847345    0.286374
  0.0409267    0.796733     0.12278
 -0.0137863    0.742581   -0.041359
 -0.0684381    0.685131   -0.205314
  -0.122786    0.624637   -0.368357
  -0.176588    0.561367   -0.529764
  -0.229606    0.495604   -0.688817
  -0.281603    0.427638    -0.84481
   -0.33235    0.357773   -0.997049
   -0.38162    0.286318    -1.14486
  -0.429194    0.213592    -1.28758
  -0.474862    0.139916    -1.42459
   -0.51842   0.0656188    -1.55526
  -0.559675 -0.00896995    -1.67902
  -0.598443  -0.0835188    -1.79533
  -0.634553   -0.157697    -1.90366
  -0.667843   -0.231174    -2.00353
  -0.698166   -0.303624     -2.0945
  -0.725388   -0.374725    -2.17616
  -0.749387   -0.444162    -2.24816
  -0.770056   -0.511625    -2.31017
  -0.787305   -0.576815    -2.36191
  -0.801055   -0.639442    -2.40317
  -0.811247   -0.699229    -2.43374
  -0.817835   -0.755909     -2.4535
  -0.820789   -0.809231    -2.46237
  -0.820096   -0.858957    -2.46029
  -0.815761   -0.904868    -2.44728
    -0.8078   -0.946758     -2.4234
  -0.796251   -0.984442    -2.38875
  -0.781165    -1.01775     -2.3435
  -0.762608    -1.04654    -2.28782
  -0.740663    -1.07068    -2.22199
  -0.715427    -1.09006    -2.14628
  -0.687013     -1.1046    -2.06104
  -0.655547    -1.11424    -1.96664
  -0.621168    -1.11892     -1.8635
   -0.58403    -1.11863    -1.75209
  -0.544297    -1.11337    -1.63289
  -0.502146    -1.10317    -1.50644
  -0.457763    -1.08806    -1.37329
  -0.411348    -1.06812    -1.23404
  -0.363104    -1.04343    -1.08931
  -0.313248    -1.01411   -0.939743
  -0.261999   -0.980285   -0.785998
  -0.209587   -0.942103   -0.628762
  -0.156244   -0.899736   -0.468732
  -0.102206   -0.853371   -0.306619
 -0.0477149   -0.803215   -0.143145
 0.00698867   -0.749491    0.020966
  0.0616611   -0.692436    0.184983
    0.11606   -0.632306    0.348179
   0.169943   -0.569366    0.509828
    0.22307   -0.503897    0.669211
   0.275207   -0.436189    0.825622
   0.326121   -0.366543    0.978364
   0.375587   -0.295269     1.12676
   0.423383   -0.222683     1.27015
   0.469299   -0.149108      1.4079
    0.51313  -0.0748699     1.53939
   0.554681 -0.00029949     1.66404
   0.593767   0.0742722      1.7813
   0.630216    0.148514     1.89065
   0.663865    0.222096     1.99159
   0.694564    0.294691     2.08369
   0.722178    0.365977     2.16653
   0.746583    0.435637     2.23975
   0.767672    0.503362     2.30301
   0.785349     0.56885     2.35605
   0.799538    0.631811     2.39861
   0.810175    0.691965     2.43052
   0.817212    0.749045     2.45164
   0.820618    0.802797     2.46185
   0.820379    0.852982     2.46114
   0.816495    0.899378     2.44948
   0.808983    0.941778     2.42695
   0.797878    0.979994     2.39363
   0.783227     1.01386     2.34968
   0.765097     1.04321     2.29529
   0.743568     1.06794      2.2307
   0.718736     1.08792     2.15621
    0.69071     1.10306     2.07213
   0.659615     1.11331     1.97885
    0.62559      1.1186     1.87677
   0.588786     1.11893     1.76636
   0.549366     1.11429      1.6481
   0.507505      1.1047     1.52252
    0.46339      1.0902     1.39017
   0.417216     1.07085     1.25165
   0.369188     1.04675     1.10756
    0.31952       1.018     0.95856
   0.268433    0.984725    0.805298
   0.216152    0.947075    0.648457
   0.162912    0.905218    0.488736
   0.108948    0.859339    0.326844
  0.0544997    0.809642    0.163499
