# x y z 
    0.70704     1.00253     2.12112
   0.692857     0.93071     2.07857
    0.68255    0.867076     2.04765
   0.675856    0.810879     2.02757
    0.63592    0.811341     1.90776
   0.592595    0.808405     1.77779
   0.546942    0.801081     1.64083
   0.497976    0.791054     1.49393
    0.44677    0.776879     1.34031
    0.39314     0.75933     1.17942
   0.337391    0.738281     1.01217
   0.279781    0.713774    0.839343
   0.220532    0.685933    0.661596
   0.159905    0.654845    0.479716
  0.0981603    0.620631    0.294481
  0.0355645    0.583421    0.106694
 -0.0276083    0.543362  -0.0828249
 -0.0910806    0.500612   -0.273242
  -0.154572    0.455345   -0.463715
  -0.217798    0.407746   -0.653394
  -0.280477    0.358011    -0.84143
  -0.342324    0.306347    -1.02697
   -0.40306    0.252972    -1.20918
  -0.462404    0.198113    -1.38721
  -0.520085    0.142003    -1.56025
  -0.575833   0.0848852     -1.7275
  -0.629387   0.0270069    -1.88816
  -0.680494  -0.0313789    -2.04148
  -0.728909  -0.0900154    -2.18673
  -0.774399   -0.148643     -2.3232
  -0.816741      -0.207    -2.45022
  -0.855726   -0.264824    -2.56718
  -0.891157   -0.321855    -2.67347
  -0.922853   -0.377833    -2.76856
  -0.950647   -0.432501    -2.85194
  -0.974389   -0.485606    -2.92317
  -0.993947   -0.536902    -2.98184
    -1.0092   -0.586148    -3.02761
   -1.02007   -0.633111     -3.0602
   -1.02645   -0.677565    -3.07936
   -1.02831   -0.719297    -3.08492
   -1.02559   -0.758101    -3.07677
   -1.01828   -0.793786    -3.05485
   -1.00639   -0.826171    -3.01916
  -0.989927   -0.855089    -2.96978
  -0.968944    -0.88039    -2.90683
  -0.943501   -0.901935     -2.8305
  -0.913682   -0.919604    -2.74105
  -0.879591   -0.933292    -2.63877
  -0.841351   -0.942912    -2.52405
  -0.799105   -0.948392    -2.39731
  -0.753014   -0.949682    -2.25904
  -0.703258   -0.946747    -2.10978
  -0.650035   -0.939572    -1.95011
  -0.593558   -0.928161    -1.78068
  -0.534058   -0.912537    -1.60217
  -0.471779    -0.89274    -1.41534
   -0.40698   -0.868831    -1.22094
  -0.339934   -0.840889     -1.0198
  -0.270924   -0.809013   -0.812773
  -0.200245   -0.773316   -0.600736
  -0.128201   -0.733934   -0.384602
 -0.0551029   -0.691017   -0.165309
  0.0187294   -0.644733   0.0561883
  0.0929722   -0.595265    0.278916
   0.167297   -0.542812    0.501891
   0.241373    -0.48759     0.72412
   0.314869   -0.429824    0.944607
   0.387453   -0.369756     1.16236
   0.458795   -0.307638     1.37639
   0.528569   -0.243734     1.58571
   0.596454   -0.178315     1.78936
   0.662134   -0.111664      1.9864
   0.725302  -0.0440695     2.17591
   0.785659   0.0241737     2.35698
   0.842918   0.0927655     2.52876
   0.896803    0.161403     2.69041
    0.94705    0.229779     2.84115
   0.993412    0.297589     2.98024
    1.03566    0.364526     3.10697
    1.07357    0.430286      3.2207
    1.10694    0.494567     3.32083
    1.13561    0.557074     3.40683
    1.15941    0.617516     3.47822
    1.17819    0.675609     3.53458
    1.19186    0.731079     3.57557
     1.2003    0.783662     3.60089
    1.20344    0.833103     3.61032
    1.20124    0.879161     3.60373
    1.19368    0.921608     3.58103
    1.18074    0.960231     3.54221
    1.16245    0.994832     3.48735
    1.13886     1.02523     3.41657
    1.11003     1.05126     3.33009
    1.07606     1.07278     3.22819
    1.03707     1.08966     3.11122
   0.993198      1.1018     2.97959
   0.944602      1.1091     2.83381
   0.891471     1.11152     2.67441
    0.83401     1.10899     2.50203
   0.772448      1.1015     2.31734
    0.70703     1.08905     2.12109
   0.638024     1.07167     1.91407
   0.565711     1.04939     1.69713
   0.490394     1.02229     1.47118
   0.412386    0.990442     1.23716
   0.332019     0.95397    0.996056
   0.249634    0.913002    0.748902
   0.165585    0.867691    0.496755
   0.080236    0.818208    0.240708
-0.00604158    0.764747  -0.0181247
 -0.0928693     0.70752   -0.278608
  -0.179864    0.646756   -0.539591
  -0.266638    0.582703   -0.799915
  -0.352805    0.515624    -1.05841
  -0.437975    0.445798    -1.31393
  -0.521763    0.373517    -1.56529
  -0.603785    0.299088    -1.81135
  -0.683664    0.222828    -2.05099
   -0.76103    0.145065    -2.28309
  -0.835521   0.0661351    -2.50656
  -0.906787  -0.0136177    -2.72036
  -0.974486  -0.0938432    -2.92346
   -1.03829   -0.174187    -3.11488
    -1.0979   -0.254292    -3.29371
   -1.15301   -0.333799    -3.45904
   -1.20335    -0.41235    -3.61006
   -1.24867   -0.489588      -3.746
   -1.28872    -0.56516    -3.86616
   -1.32329   -0.638719    -3.96988
    -1.3522   -0.709922     -4.0566
   -1.37527   -0.778437    -4.12581
   -1.39237   -0.843941     -4.1771
   -1.40337   -0.906121    -4.21011
   -1.40819   -0.964677    -4.22458
   -1.40677    -1.01933    -4.22031
   -1.39907     -1.0698     -4.1972
   -1.38508    -1.11583    -4.15523
   -1.36482    -1.15721    -4.09445
   -1.33834     -1.1937    -4.01501
   -1.30572    -1.22511    -3.91715
   -1.26706    -1.25128    -3.80117
   -1.22249    -1.27204    -3.66747
   -1.17218    -1.28727    -3.51653
    -1.1163    -1.29686    -3.34891
   -1.05508    -1.30073    -3.16523
  -0.988739    -1.29884    -2.96622
  -0.917551    -1.29114    -2.75265
  -0.841796    -1.27764    -2.52539
  -0.761782    -1.25834    -2.28535
  -0.677837    -1.23332    -2.03351
  -0.590309    -1.20262    -1.77093
  -0.499564    -1.16636    -1.49869
  -0.405986    -1.12466    -1.21796
  -0.309972    -1.07767   -0.929915
  -0.211934    -1.02556   -0.635801
  -0.112295   -0.968523   -0.336886
 -0.0114897   -0.906793  -0.0344691
  0.0900413   -0.840607    0.270124
    0.19185   -0.770232     0.57555
   0.293484   -0.695952    0.880453
    0.39449   -0.618073     1.18347
   0.494414   -0.536919     1.48324
   0.592801   -0.452828      1.7784
   0.689204   -0.366156     2.06761
    0.78318   -0.277273     2.34954
   0.874294   -0.186559     2.62288
   0.962119  -0.0944062     2.88636
    1.04624 -0.00121654     3.13873
    1.12627   0.0926018      3.3788
     1.2018    0.186635     3.60541
    1.27249    0.280465     3.81747
    1.33798    0.373673     4.01393
    1.39794    0.465838     4.19381
    1.45207    0.556543      4.3562
    1.50009    0.645374     4.50026
    1.54174    0.731923     4.62522
     1.5768    0.815787      4.7304
    1.60507    0.896577      4.8152
    1.62637     0.97391      4.8791
    1.64056     1.04742     4.92168
    1.64754     1.11675     4.94261
    1.64721     1.18157     4.94164
    1.63955     1.24155     4.91864
    1.62452      1.2964     4.87356
    1.60215     1.34584     4.80645
    1.57249     1.38961     4.71747
    1.53562     1.42748     4.60687
    1.49166     1.45924     4.47499
    1.44076     1.48471     4.32228
    1.38309     1.50373     4.14928
    1.31888     1.51617     3.95663
    1.24835     1.52194     3.74506
    1.17179     1.52096     3.51537
    1.08949      1.5132     3.26848
    1.00179     1.49863     3.00537
   0.909034      1.4773      2.7271
   0.811605     1.44923     2.43481
   0.709907     1.41451     2.12972
   0.604364     1.37326     1.81309
   0.495421     1.32561     1.48626
   0.383542     1.27174     1.15062
   0.269204     1.21183    0.807611
   0.152901     1.14612    0.458704
  0.0351392     1.07486    0.105418
 -0.0835671    0.998339   -0.250701
  -0.202695    0.916852   -0.608085
  -0.321716    0.830733   -0.965148
  -0.440099    0.740335     -1.3203
  -0.557312    0.646032    -1.67194
  -0.672825    0.548218    -2.01847
  -0.786111    0.447307    -2.35833
  -0.896651    0.343727    -2.68995
   -1.00393    0.237921     -3.0118
   -1.10746    0.130348    -3.32237
   -1.20674   0.0214739    -3.62022
    -1.3013  -0.0882241    -3.90391
    -1.3907   -0.198263    -4.17211
    -1.4745   -0.308153    -4.42349
   -1.55228   -0.417405    -4.65685
   -1.62367   -0.525528      -4.871
   -1.68829    -0.63203    -5.06487
   -1.74582   -0.736428    -5.23747
   -1.79596   -0.838242    -5.38787
   -1.83842      -0.937    -5.51526
   -1.87297    -1.03224    -5.61892
   -1.89941    -1.12352    -5.69822
   -1.91755     -1.2104    -5.75266
   -1.92727    -1.29246    -5.78181
   -1.92846    -1.36932    -5.78539
   -1.92107    -1.44058     -5.7632
   -1.90506     -1.5059    -5.71518
   -1.88045    -1.56494    -5.64136
    -1.8473     -1.6174    -5.54189
   -1.80569    -1.66301    -5.41706
   -1.75575     -1.7015    -5.26725
   -1.69765    -1.73267    -5.09295
    -1.6316    -1.75632    -4.89479
   -1.55783     -1.7723    -4.67348
   -1.47662    -1.78049    -4.42986
   -1.38829     -1.7808    -4.16487
   -1.29318    -1.77317    -3.87953
   -1.19167    -1.75759      -3.575
   -1.08416    -1.73406    -3.25249
  -0.971109    -1.70265    -2.91333
  -0.852969    -1.66344    -2.55891
  -0.730237    -1.61656    -2.19071
  -0.603429    -1.56215    -1.81029
  -0.473083    -1.50041    -1.41925
  -0.339757    -1.43158    -1.01927
  -0.204024     -1.3559   -0.612072
  -0.066474    -1.27368   -0.199422
  0.0722924    -1.18522    0.216877
   0.211665    -1.09089    0.634994
   0.351026   -0.991068     1.05308
   0.489754    -0.88616     1.46926
   0.627228   -0.776599     1.88168
   0.762824   -0.662844     2.28847
   0.895928   -0.545374     2.68778
    1.02593   -0.424686     3.07778
    1.15222   -0.301299     3.45667
    1.27423   -0.175743     3.82269
    1.39137  -0.0485637     4.17411
    1.50309   0.0796826     4.50928
    1.60886    0.208431     4.82659
    1.70817    0.337112      5.1245
    1.80052    0.465151     5.40157
    1.88547    0.591973     5.65641
    1.96258    0.717005     5.88774
    2.03146    0.839676     6.09438
    2.09174    0.959425     6.27523
     2.1431      1.0757     6.42931
    2.18526     1.18795     6.55577
    2.21795     1.29567     6.65385
    2.24098     1.39832     6.72293
    2.25417     1.49543      6.7625
     2.2574     1.58653     6.77219
    2.25059     1.67116     6.75176
     2.2337      1.7489      6.7011
    2.20674     1.81938     6.62022
    2.16977     1.88221      6.5093
    2.12287     1.93707     6.36862
     2.0662     1.98367      6.1986
    1.99994     2.02173     5.99982
    1.92432     2.05104     5.77297
    1.83962      2.0714     5.51886
    1.74615     2.08266     5.23846
    1.64428     2.08472     4.93283
    1.53439     2.07749     4.60316
    1.41692     2.06096     4.25077
    1.29236     2.03513     3.87708
     1.1612     2.00006      3.4836
    1.02399     1.95583     3.07197
   0.881295     1.90259     2.64389
   0.733718     1.84051     2.20115
   0.581883     1.76982     1.74565
   0.426439     1.69076     1.27932
   0.268054     1.60364    0.804162
   0.107415     1.50878    0.322245
 -0.0547773     1.40657   -0.164332
   -0.21781      1.2974   -0.653431
  -0.380963     1.18172    -1.14289
