# v_dot = -r --> v kuttan --> r kuttan 
7	0
6.98838	0.04
6.97597	0.08
6.96285	0.12
6.94911	0.16
6.93484	0.2
6.92012	0.24
6.90506	0.28
6.88974	0.32
6.87426	0.36
6.85873	0.4
6.84325	0.44
6.8279	0.48
6.8128	0.52
6.79803	0.56
6.78369	0.6
6.76988	0.64
6.75668	0.68
6.74418	0.72
6.73245	0.76
6.72158	0.8
6.71162	0.84
6.70265	0.88
6.69472	0.92
6.68789	0.96
6.68219	1
6.67766	1.04
6.67434	1.08
6.67224	1.12
6.67137	1.16
6.67175	1.2
6.67337	1.24
6.67622	1.28
6.68027	1.32
6.68552	1.36
6.69191	1.4
6.69942	1.44
6.70799	1.48
6.71756	1.52
6.72808	1.56
6.73949	1.6
6.75169	1.64
6.76463	1.68
6.77821	1.72
6.79235	1.76
6.80696	1.8
6.82195	1.84
6.83721	1.88
6.85265	1.92
6.86818	1.96
6.88368	2
6.89908	2.04
6.91425	2.08
6.92912	2.12
6.94358	2.16
6.95754	2.2
6.97091	2.24
6.9836	2.28
6.99554	2.32
7.00665	2.36
7.01686	2.4
7.02609	2.44
7.0343	2.48
7.04143	2.52
7.04743	2.56
7.05227	2.6
7.05592	2.64
7.05835	2.68
7.05954	2.72
7.05949	2.76
7.0582	2.8
7.05568	2.84
7.05194	2.88
7.047	2.92
7.04091	2.96
7.03369	3
7.0254	3.04
7.01609	3.08
7.00581	3.12
6.99463	3.16
6.98263	3.2
6.96988	3.24
6.95646	3.28
6.94246	3.32
6.92796	3.36
6.91307	3.4
6.89787	3.44
6.88247	3.48
6.86695	3.52
6.85143	3.56
6.836	3.6
6.82076	3.64
6.8058	3.68
6.79122	3.72
6.77712	3.76
6.76359	3.8
6.75071	3.84
6.73856	3.88
6.72722	3.92
6.71677	3.96
6.70727	4
6.69879	4.04
6.69137	4.08
6.68506	4.12
6.67991	4.16
6.67595	4.2
6.6732	4.24
6.67168	4.28
6.6714	4.32
6.67236	4.36
6.67456	4.4
6.67798	4.44
6.6826	4.48
6.68839	4.52
6.69531	4.56
6.70332	4.6
6.71237	4.64
6.7224	4.68
6.73335	4.72
6.74514	4.76
6.7577	4.8
6.77095	4.84
6.7848	4.88
6.79918	4.92
6.81397	4.96
6.8291	5
6.84446	5.04
6.85995	5.08
6.87548	5.12
6.89095	5.16
6.90625	5.2
6.92129	5.24
6.93598	5.28
6.95022	5.32
6.96391	5.36
6.97697	5.4
6.98932	5.44
7.00088	5.48
7.01157	5.52
7.02133	5.56
7.03009	5.6
7.03779	5.64
7.0444	5.68
7.04986	5.72
7.05414	5.76
7.05721	5.8
7.05906	5.84
7.05967	5.88
7.05904	5.92
7.05716	5.96
7.05407	6
7.04976	6.04
7.04428	6.08
7.03765	6.12
7.02992	6.16
7.02114	6.2
7.01137	6.24
7.00066	6.28
6.98908	6.32
6.97672	6.36
6.96364	6.4
6.94994	6.44
6.93569	6.48
6.921	6.52
6.90595	6.56
6.89064	6.6
6.87517	6.64
6.85964	6.68
6.84415	6.72
6.8288	6.76
6.81367	6.8
6.79889	6.84
6.78452	6.88
6.77068	6.92
6.75744	6.96
6.74489	7
6.73312	7.04
6.72219	7.08
6.71218	7.12
6.70315	7.16
6.69516	7.2
6.68826	7.24
6.68249	7.28
6.6779	7.32
6.6745	7.36
6.67233	7.4
6.67139	7.44
6.67169	7.48
6.67324	7.52
6.67601	7.56
6.68	7.6
6.68518	7.64
6.6915	7.68
6.69895	7.72
6.70745	7.76
6.71697	7.8
6.72744	7.84
6.73879	7.88
6.75096	7.92
6.76385	7.96
6.7774	8
6.79151	8.04
6.80609	8.08
6.82106	8.12
6.83631	8.16
6.85174	8.2
6.86726	8.24
6.88278	8.28
6.89818	8.32
6.91337	8.36
6.92826	8.4
6.94274	8.44
6.95673	8.48
6.97014	8.52
6.98288	8.56
6.99486	8.6
7.00602	8.64
7.01628	8.68
7.02558	8.72
7.03385	8.76
7.04104	8.8
7.04711	8.84
7.05202	8.88
7.05574	8.92
7.05824	8.96
7.0595	9
7.05953	9.04
7.05831	9.08
7.05586	9.12
7.05219	9.16
7.04733	9.2
7.0413	9.24
7.03415	9.28
7.02592	9.32
7.01666	9.36
7.00644	9.4
6.99531	9.44
6.98336	9.48
6.97065	9.52
6.95726	9.56
6.94329	9.6
6.92883	9.64
6.91395	9.68
6.89877	9.72
6.88338	9.76
6.86787	9.8
6.85234	9.84
6.8369	9.88
6.82164	9.92
6.80667	9.96
6.79207	10
6.77794	10.04
6.76437	10.08
6.75144	10.12
6.73925	10.16
6.72787	10.2
6.71736	10.24
6.7078	10.28
6.69926	10.32
6.69177	10.36
6.6854	10.4
6.68018	10.44
6.67615	10.48
6.67332	10.52
6.67173	10.56
6.67138	10.6
6.67227	10.64
6.67439	10.68
6.67774	10.72
6.68229	10.76
6.68801	10.8
6.69487	10.84
6.70282	10.88
6.71181	10.92
6.72179	10.96
6.73268	11
6.74442	11.04
6.75694	11.08
6.77015	11.12
6.78398	11.16
6.79832	11.2
6.8131	11.24
6.8282	11.28
6.84355	11.32
6.85904	11.36
6.87457	11.4
6.89005	11.44
6.90536	11.48
6.92042	11.52
6.93513	11.56
6.94939	11.6
6.96312	11.64
6.97622	11.68
6.98862	11.72
7.00022	11.76
7.01097	11.8
7.02078	11.84
7.0296	11.88
7.03737	11.92
7.04404	11.96
7.04957	12
7.05392	12.04
7.05707	12.08
7.05899	12.12
7.05967	12.16
7.05911	12.2
7.05731	12.24
7.05428	12.28
7.05005	12.32
7.04463	12.36
7.03807	12.4
7.03041	12.44
7.02169	12.48
7.01197	12.52
7.00131	12.56
6.98978	12.6
6.97746	12.64
6.96443	12.68
6.95076	12.72
6.93654	12.76
6.92187	12.8
6.90684	12.84
6.89155	12.88
6.87608	12.92
6.86056	12.96
6.84506	13
6.82969	13.04
6.81455	13.08
6.79974	13.12
6.78535	13.16
6.77147	13.2
6.7582	13.24
6.74561	13.28
6.73379	13.32
6.72281	13.36
6.71274	13.4
6.70365	13.44
6.6956	13.48
6.68863	13.52
6.6828	13.56
6.67813	13.6
6.67467	13.64
6.67242	13.68
6.67141	13.72
6.67164	13.76
6.67311	13.8
6.67582	13.84
6.67974	13.88
6.68484	13.92
6.6911	13.96
6.69848	14
6.70693	14.04
6.71639	14.08
6.7268	14.12
6.7381	14.16
6.75022	14.2
6.76308	14.24
6.77659	14.28
6.79067	14.32
6.80523	14.36
6.82017	14.4
6.8354	14.44
6.85083	14.48
6.86635	14.52
6.88187	14.56
6.89728	14.6
6.91249	14.64
6.92739	14.68
6.9419	14.72
6.95593	14.76
6.96937	14.8
6.98215	14.84
6.99418	14.88
7.00539	14.92
7.01571	14.96
7.02506	15
7.03339	15.04
7.04065	15.08
7.04679	15.12
7.05177	15.16
7.05555	15.2
7.05812	15.24
7.05946	15.28
7.05956	15.32
7.05841	15.36
7.05604	15.4
7.05244	15.44
7.04764	15.48
7.04168	15.52
7.0346	15.56
7.02643	15.6
7.01723	15.64
7.00706	15.68
6.99599	15.72
6.98408	15.76
6.97141	15.8
6.95807	15.84
6.94413	15.88
6.92969	15.92
6.91484	15.96
6.89967	16
6.88428	16.04
6.86878	16.08
6.85325	16.12
6.8378	16.16
6.82253	16.2
6.80754	16.24
6.79291	16.28
6.77875	16.32
6.76515	16.36
6.75218	16.4
6.73994	16.44
6.72851	16.48
6.71795	16.52
6.70834	16.56
6.69973	16.6
6.69218	16.64
6.68574	16.68
6.68045	16.72
6.67635	16.76
6.67346	16.8
6.67179	16.84
6.67136	16.88
6.67218	16.92
6.67423	16.96
6.67751	17
6.68199	17.04
6.68765	17.08
6.69444	17.12
6.70233	17.16
6.71126	17.2
6.72117	17.24
6.73202	17.28
6.74371	17.32
6.75619	17.36
6.76936	17.4
6.78315	17.44
6.79747	17.48
6.81222	17.52
6.82731	17.56
6.84265	17.6
6.85813	17.64
6.87366	17.68
6.88914	17.72
6.90447	17.76
6.91955	17.8
6.93428	17.84
6.94857	17.88
6.96233	17.92
6.97547	17.96
6.98791	18
6.99957	18.04
7.01036	18.08
7.02023	18.12
7.02911	18.16
7.03695	18.2
7.04368	18.24
7.04928	18.28
7.0537	18.32
7.05692	18.36
7.05891	18.4
7.05966	18.44
7.05917	18.48
7.05745	18.52
7.05449	18.56
7.05033	18.6
7.04498	18.64
7.03849	18.68
7.03089	18.72
7.02223	18.76
7.01256	18.8
7.00196	18.84
6.99048	18.88
6.97821	18.92
6.96521	18.96
6.95157	19
6.93739	19.04
6.92274	19.08
6.90773	19.12
6.89245	19.16
6.87699	19.2
6.86147	19.24
6.84596	19.28
6.83059	19.32
6.81543	19.36
6.8006	19.4
6.78618	19.44
6.77227	19.48
6.75896	19.52
6.74633	19.56
6.73446	19.6
6.72343	19.64
6.71331	19.68
6.70416	19.72
6.69604	19.76
6.68901	19.8
6.68311	19.84
6.67837	19.88
6.67484	19.92
6.67252	19.96
6.67144	20
