# v_dot = -r --> v kuttan --> r kuttan 
         1          2          3          0        8.5
   1.06449    2.06005     3.0556  0.0666667    8.49897
   1.12425    2.11093    3.09762   0.133333    8.49148
   1.17901    2.15244    3.12586        0.2    8.47765
   1.22853    2.18437     3.1402   0.266667    8.45774
   1.27259    2.20659    3.14059   0.333333    8.43208
   1.31099      2.219    3.12701        0.4    8.40115
   1.34356    2.22154    3.09953   0.466667    8.36549
   1.37016    2.21421    3.05826   0.533333    8.32573
   1.39066    2.19703     3.0034        0.6    8.28258
   1.40499    2.17009    2.93519   0.666667     8.2368
   1.41306    2.13349    2.85392   0.733333    8.18922
   1.41485    2.08741    2.75997        0.8    8.14067
   1.41036    2.03205    2.65375   0.866667    8.09201
   1.39959    1.96766    2.53572   0.933333    8.04412
    1.3826    1.89451    2.40643          1    7.99784
   1.35946    1.81294    2.26643    1.06667      7.954
   1.33028    1.72332    2.11636    1.13333    7.91336
   1.29518    1.62603    1.95687        1.2    7.87667
   1.25432    1.52151    1.78869    1.26667    7.84456
   1.20789    1.41022    1.61256    1.33333     7.8176
   1.15609    1.29267    1.42925        1.4    7.79629
   1.09915    1.16937    1.23959    1.46667    7.78098
   1.03732    1.04087    1.04442    1.53333    7.77197
  0.970876   0.907741   0.844606        1.6     7.7694
  0.900118   0.770577   0.641036    1.66667    7.77332
  0.825357   0.629987   0.434616    1.73333    7.78367
  0.746927   0.486596   0.226264        1.8    7.80026
  0.665177   0.341041  0.0169054    1.86667    7.82279
  0.580468    0.19397  -0.192528    1.93333    7.85086
  0.493179   0.046037  -0.401105          2    7.88398
  0.403698  -0.102101  -0.607899    2.06667    7.92156
  0.312421  -0.249785  -0.811991    2.13333    7.96292
  0.219755  -0.396358   -1.01247        2.2    8.00734
  0.126113  -0.541169   -1.20845    2.26667    8.05403
 0.0319093  -0.683574   -1.39906    2.33333    8.10215
 -0.062436   -0.82294   -1.58344        2.4    8.15086
 -0.156504  -0.958647   -1.76079    2.46667    8.19927
 -0.249876   -1.09009   -1.93031    2.53333    8.24655
 -0.342137   -1.21669   -2.09124        2.6    8.29184
 -0.432876   -1.33788   -2.24288    2.66667    8.33434
 -0.521691   -1.45312   -2.38455    2.73333     8.3733
 -0.608187    -1.5619   -2.51561        2.8    8.40803
 -0.691979   -1.66373   -2.63549    2.86667     8.4379
 -0.772694   -1.75817   -2.74365    2.93333    8.46239
 -0.849973   -1.84479   -2.83961          3    8.48106
 -0.923474   -1.92321   -2.92295    3.06667    8.49358
 -0.992868   -1.99308   -2.99329    3.13333    8.49973
  -1.05785   -2.05409   -3.05032        3.2    8.49939
  -1.11813   -2.10596    -3.0938    3.26667    8.49258
  -1.17343   -2.14847   -3.12351    3.33333    8.47942
  -1.22352   -2.18143   -3.13934        3.4    8.46014
  -1.26817   -2.20469   -3.14121    3.46667    8.43507
  -1.30718   -2.21815   -3.12912    3.53333    8.40468
  -1.34038   -2.22174   -3.10311        3.6    8.36949
  -1.36762   -2.21546    -3.0633    3.66667    8.33013
  -1.38877   -2.19933   -3.00988    3.73333    8.28731
  -1.40376   -2.17342   -2.94307        3.8    8.24178
   -1.4125   -2.13784   -2.86318    3.86667    8.19434
  -1.41496   -2.09276   -2.77056    3.93333    8.14585
  -1.41113   -2.03838   -2.66562          4    8.09717
  -1.40103   -1.97493   -2.54883    4.06667    8.04916
   -1.3847    -1.9027   -2.42071    4.13333    8.00267
  -1.36221   -1.82202   -2.28182        4.2    7.95852
  -1.33367   -1.73323   -2.13279    4.26667    7.91751
  -1.29919   -1.63673   -1.97428    4.33333    7.88036
  -1.25894   -1.53296   -1.80698        4.4    7.84774
  -1.21309   -1.42238   -1.63166    4.46667    7.82021
  -1.16185   -1.30547   -1.44908    4.53333    7.79827
  -1.10545   -1.18275   -1.26006        4.6    7.78232
  -1.04412   -1.05478   -1.06543    4.66667    7.77262
 -0.978159  -0.922113  -0.866068    4.73333    7.76936
 -0.907845   -0.78535  -0.662855        4.8     7.7726
 -0.833495  -0.645095  -0.456695    4.86667    7.78227
  -0.75544  -0.501972  -0.248505    4.93333     7.7982
 -0.674025  -0.356618 -0.0392096          5    7.82012
 -0.589614  -0.209677    0.17026    5.06667    7.84762
 -0.502582 -0.0618045   0.378973    5.13333    7.88023
 -0.413315   0.086343   0.586001        5.2    7.91736
  -0.32221   0.234107   0.790423    5.26667    7.95836
 -0.229673   0.380829   0.991331    5.33333    8.00249
 -0.136114   0.525859    1.18783        5.4    8.04898
-0.0419505    0.66855    1.37905    5.46667    8.09699
 0.0523997   0.808269    1.56414    5.53333    8.14567
  0.146517   0.944395    1.74227        5.6    8.19416
  0.239983    1.07632    1.91266    5.66667     8.2416
  0.332381    1.20346    2.07454    5.73333    8.28714
  0.423302    1.32525     2.2272        5.8    8.32998
  0.512341    1.44115    2.36996    5.86667    8.36935
  0.599102    1.55064    2.50218    5.93333    8.40455
    0.6832    1.65324    2.62328          6    8.43497
  0.764259    1.74848    2.73271    6.06667    8.46005
  0.841921    1.83596    2.82999    6.13333    8.47936
   0.91584    1.91527    2.91469        6.2    8.49255
  0.985687    1.98606    2.98643    6.26667    8.49938
   1.05115    2.04802     3.0449    6.33333    8.49974
   1.11194    2.10088    3.08982        6.4    8.49361
   1.16779     2.1444    3.12101    6.46667    8.48112
   1.21844    2.17838    3.13832    6.53333    8.46247
   1.26368    2.20268    3.14168        6.6      8.438
    1.3033    2.21718    3.13107    6.66667    8.40815
   1.33712    2.22183    3.10654    6.73333    8.37344
     1.365     2.2166    3.06819        6.8     8.3345
   1.38681    2.20151    3.01621    6.86667    8.29201
   1.40246    2.17664    2.95081    6.93333    8.24673
   1.41187    2.14208     2.8723          7    8.19946
     1.415    2.09801    2.78101    7.06667    8.15104
   1.41184     2.0446    2.67736    7.13333    8.10234
    1.4024    1.98211    2.56181        7.2    8.05421
   1.38673     1.9108    2.43487    7.26667    8.00752
    1.3649      1.831     2.2971    7.33333    7.96309
   1.33699    1.74305    2.14912        7.4    7.92171
   1.30314    1.64736    1.99158    7.46667    7.88411
    1.2635    1.54434    1.82519    7.53333    7.85098
   1.21823    1.43446    1.65068        7.6    7.82288
   1.16756     1.3182    1.46883    7.66667    7.80033
   1.11169    1.19607    1.28046    7.73333    7.78372
   1.05088    1.06863    1.08639        7.8    7.77335
  0.985392    0.93644   0.887487    7.86667     7.7694
  0.915527   0.800084   0.684642    7.93333    7.77195
  0.841591   0.660172   0.478752          8    7.78094
  0.763914   0.517324   0.270734    8.06667    7.79622
   0.68284   0.372176  0.0615118    8.13333    7.81751
  0.598731   0.225373  -0.147984        8.2    7.84444
  0.511959  0.0775688  -0.356821    8.26667    7.87654
  0.422911 -0.0705807  -0.564072    8.33333    7.91322
  0.331982  -0.218416  -0.768815        8.4    7.95383
  0.239578  -0.365281   -0.97014    8.46667    7.99767
  0.146109  -0.510522   -1.16715    8.53333    8.04394
 0.0519896  -0.653492   -1.35897        8.6    8.09183
-0.0423607  -0.793557   -1.54475    8.66667    8.14048
 -0.136523  -0.930094   -1.72367    8.73333    8.18903
 -0.230078    -1.0625   -1.89491        8.8    8.23662
 -0.322609   -1.19017   -2.05774    8.86667    8.28241
 -0.413707   -1.31256   -2.21141    8.93333    8.32557
 -0.502965   -1.42911   -2.35526          9    8.36534
 -0.589987   -1.53931   -2.48863    9.06667    8.40102
 -0.674386   -1.64266   -2.61093    9.13333    8.43198
 -0.755787   -1.73871   -2.72163        9.2    8.45765
 -0.833827   -1.82703   -2.82023    9.26667    8.47759
  -0.90816   -1.90722   -2.90629    9.33333    8.49144
 -0.978455   -1.97894   -2.97942        9.4    8.49896
   -1.0444   -2.04186   -3.03931    9.46667    8.50001
   -1.1057    -2.0957   -3.08569    9.53333    8.49457
  -1.16209   -2.14022   -3.11835        9.6    8.48274
  -1.21331   -2.17522   -3.13714    9.66667    8.46474
  -1.25913   -2.20056   -3.14198    9.73333    8.44087
  -1.29936   -2.21611   -3.13286        9.8    8.41157
   -1.3338   -2.22181   -3.10981    9.86667    8.37735
  -1.36232   -2.21762   -3.07293    9.93333    8.33883
  -1.38478   -2.20358   -3.02238         10    8.29668
  -1.40109   -2.17975    -2.9584    10.0667    8.25166
  -1.41116   -2.14622   -2.88127    10.1333    8.20456
  -1.41497   -2.10315   -2.79133       10.2    8.15622
  -1.41248   -2.05072   -2.68897    10.2667    8.10751
  -1.40371   -1.98918   -2.57466    10.3333    8.05928
   -1.3887    -1.9188    -2.4489       10.4    8.01239
  -1.36751   -1.83988   -2.31226    10.4667    7.96768
  -1.34025   -1.75279   -2.16533    10.5333    7.92594
  -1.30702    -1.6579   -2.00878       10.6    7.88792
  -1.26799   -1.55564    -1.8433    10.6667    7.85427
  -1.22331   -1.44647   -1.66962    10.7333    7.82562
   -1.1732   -1.33086   -1.48851       10.8    7.80246
  -1.11787   -1.20933   -1.30079    10.8667     7.7852
  -1.05758   -1.08243   -1.10729    10.9333    7.77415
 -0.992576  -0.950719  -0.908862         11    7.76951
 -0.923163  -0.814778  -0.706394    11.0667    7.77137
 -0.849645  -0.675215  -0.500785    11.1333    7.77968
  -0.77235  -0.532649  -0.292949       11.2     7.7943
 -0.691621  -0.387716  -0.083811    11.2667    7.81497
 -0.607817  -0.241058     0.1257    11.3333    7.84132
  -0.52131 -0.0933292   0.334651       11.4    7.87289
 -0.432486  0.0548149   0.542115    11.4667    7.90911
 -0.341738   0.202715   0.747169    11.5333    7.94935
 -0.249472   0.349714   0.948901       11.6    7.99287
 -0.156096   0.495159    1.14641    11.6667    8.03893
-0.0620261   0.638401    1.33883    11.7333    8.08668
 0.0323195   0.778806    1.52529       11.8    8.13529
  0.126521   0.915748    1.70497    11.8667     8.1839
  0.220161    1.04862    1.87707    11.9333    8.23163
  0.312821    1.17683    2.04083         12    8.27764
  0.404091     1.2998    2.19551    12.0667    8.32112
  0.493564      1.417    2.34043    12.1333    8.36129
  0.580843    1.52789    2.47495       12.2    8.39744
  0.665539      1.632    2.59846    12.2667    8.42892
  0.747276    1.72885    2.71041    12.3333    8.45518
  0.825691    1.81801    2.81032       12.4    8.47575
  0.900434    1.89908    2.89773    12.4667    8.49026
  0.971174    1.97172    2.97226    12.5333    8.49846
    1.0376    2.03559    3.03358       12.6    8.50021
   1.09941     2.0904     3.0814    12.6667    8.49546
   1.15633    2.13593    3.11553    12.7333     8.4843
   1.20811    2.17195     3.1358       12.8    8.46694
   1.25451    2.19832    3.14213    12.8667    8.44368
   1.29535    2.21492    3.13449    12.9333    8.41493
   1.33042    2.22167    3.11292         13    8.38121
   1.35957    2.21854     3.0775    13.0667    8.34311
   1.38268    2.20555    3.02841    13.1333    8.30131
   1.39965    2.18275    2.96584       13.2    8.25656
   1.41039    2.15024     2.8901    13.2667    8.20964
   1.41486    2.10818     2.8015    13.3333     8.1614
   1.41304    2.05674    2.70044       13.4    8.11269
   1.40494    1.99616    2.58738    13.4667    8.06436
   1.39059     1.9267    2.46282    13.5333    8.01729
   1.37006    1.84868     2.3273       13.6    7.97231
   1.34343    1.76244    2.18144    13.6667    7.93022
   1.31084    1.66836    2.02588    13.7333    7.89177
   1.27241    1.56686    1.86131       13.8    7.85763
   1.22833     1.4584    1.68847    13.8667    7.82842
   1.17879    1.34345    1.50812    13.9333    7.80465
     1.124    1.22253    1.32106         14    7.78674
   1.06422    1.09618    1.12814    14.0667    7.77503
   0.99971    0.96495   0.930191    14.1333     7.7697
  0.930752   0.829431    0.72811       14.2    7.77086
  0.857656   0.690224   0.522792    14.2667    7.77849
  0.780747   0.547948   0.315149    14.3333    7.79245
  0.700366   0.403236   0.106106       14.4    7.81249
  0.616872   0.256731  -0.103409    14.4667    7.83826
  0.530635   0.109085  -0.312465    14.5333     7.8693
  0.442039 -0.0390463  -0.520131       14.6    7.90505
  0.351477  -0.187004  -0.725485    14.6667    7.94489
  0.259353   -0.33413  -0.927613    14.7333    7.98811
  0.166075  -0.479771   -1.12562       14.8    8.03393
 0.0720594  -0.623278   -1.31862    14.8667    8.08154
-0.0222768  -0.764015   -1.50575    14.9333     8.1301
 -0.116514  -0.901354   -1.68619         15    8.17875
 -0.210233   -1.03469   -1.85914    15.0667    8.22662
 -0.303017   -1.16342   -2.02382    15.1333    8.27285
 -0.394455   -1.28698    -2.1795       15.2    8.31664
 -0.484138   -1.40481   -2.32549    15.2667     8.3572
 -0.571669   -1.51641   -2.46114    15.3333     8.3938
 -0.656658   -1.62125   -2.58585       15.4    8.42581
 -0.738728    -1.7189   -2.69906    15.4667    8.45265
 -0.817513   -1.80889   -2.80027    15.5333    8.47384
 -0.892663   -1.89085   -2.88904       15.6    8.48902
 -0.963845    -1.9644   -2.96495    15.6667     8.4979
  -1.03074   -2.02921   -3.02769    15.7333    8.50033
  -1.09305   -2.08501   -3.07696       15.8    8.49627
  -1.15051   -2.13153   -3.11255    15.8667    8.48579
  -1.20285   -2.16858   -3.13431    15.9333    8.46908
  -1.24984   -2.19598   -3.14212         16    8.44642
  -1.29127   -2.21362   -3.13597    16.0667    8.41824
  -1.32696   -2.22142   -3.11588    16.1333    8.38502
  -1.35676   -2.21934   -3.08193       16.2    8.34736
  -1.38052    -2.2074   -3.03428    16.2667    8.30592
  -1.39814   -2.18564   -2.97314    16.3333    8.26144
  -1.40954   -2.15416   -2.89878       16.4    8.21472
  -1.41468   -2.11311   -2.81153    16.4667    8.16657
  -1.41353   -2.06266   -2.71178    16.5333    8.11787
   -1.4061   -2.00304   -2.59997       16.6    8.06946
  -1.39241   -1.93451   -2.47661    16.6667    8.02222
  -1.37253   -1.85738   -2.34223    16.7333    7.97698
  -1.34655     -1.772   -2.19744       16.8    7.93454
  -1.31459   -1.67873   -2.04288    16.8667    7.89567
  -1.27677   -1.57801   -1.87924    16.9333    7.86104
  -1.23329   -1.47026   -1.70724         17    7.83127
  -1.18431   -1.35598   -1.52765    17.0667     7.8069
  -1.13008   -1.23567   -1.34127    17.1333    7.78836
  -1.07082   -1.10987   -1.14892       17.2    7.77597
  -1.00679  -0.979133  -0.951472    17.2667    7.76996
 -0.938294  -0.844042  -0.749789    17.3333    7.77043
 -0.865623  -0.705198  -0.544773       17.4    7.77737
 -0.789104  -0.563219  -0.337334    17.4667    7.79067
 -0.709076  -0.418736  -0.128395    17.5333    7.81008
 -0.625896  -0.272391  0.0811139       17.6    7.83526
 -0.539933  -0.124835   0.290263    17.6667    7.86576
 -0.451569  0.0232758   0.498121    17.7333    7.90104
 -0.361198   0.171283   0.703764       17.8    7.94048
 -0.269221   0.318529   0.906279    17.8667    7.98337
 -0.176046   0.464359    1.10476    17.9333    8.02895
-0.0820891   0.608124    1.29834         18    8.07641
 0.0122329   0.749185    1.48614    18.0667    8.12492
  0.106501   0.886916    1.66733    18.1333    8.17359
  0.200295     1.0207    1.84111       18.2    8.22158
  0.293198    1.14995    2.00671    18.2667    8.26803
  0.384798    1.27409    2.16338    18.3333    8.31212
  0.474687    1.39256    2.31043       18.4    8.35305
  0.562466    1.50484    2.44721    18.4667    8.39011
  0.647744    1.61043    2.57311    18.5333    8.42264
  0.730142    1.70886    2.68757       18.6    8.45005
  0.809294    1.79969    2.79009    18.6667    8.47187
  0.884847    1.88252    2.88019    18.7333     8.4877
  0.956466    1.95698    2.95749       18.8    8.49726
   1.02383    2.02274    3.02164    18.8667    8.50038
   1.08665     2.0795    3.07236    18.9333    8.49701
   1.14463    2.12703    3.10942         19    8.48721
   1.19753    2.16509    3.13265    19.0667    8.47114
    1.2451    2.19353    3.14196    19.1333    8.44911
   1.28713    2.21221    3.13729       19.2    8.42149
   1.32344    2.22106    3.11868    19.2667    8.38878
   1.35387    2.22003     3.0862    19.3333    8.35156
   1.37828    2.20914       3.04       19.4    8.31049
   1.39656    2.18842    2.98028    19.4667     8.2663
   1.40863    2.15797    2.90731    19.5333    8.21977
   1.41444    2.11793    2.82142       19.6    8.17174
   1.41395    2.06847    2.72298    19.6667    8.12305
   1.40719    2.00981    2.61243    19.7333    8.07457
   1.39416    1.94222    2.49027       19.8    8.02717
   1.37494    1.86599    2.35704    19.8667    7.98167
   1.34961    1.78147    2.21333    19.9333     7.9389
   1.31827    1.68902    2.05978         20    7.89961
