# v_dot = -r --> v kuttan --> r kuttan 
         1          2          3          0          7
  0.995554    1.99111    2.98666  0.0666667    6.96701
  0.986681    1.97336    2.96004   0.133333    6.93073
  0.973422    1.94684    2.92027        0.2     6.8918
  0.955835    1.91167    2.86751   0.266667    6.85092
  0.933998      1.868    2.80199   0.333333    6.80881
  0.908008    1.81602    2.72403        0.4    6.76622
  0.877982    1.75596    2.63395   0.466667    6.72391
  0.844052     1.6881    2.53215   0.533333    6.68263
  0.806369    1.61274    2.41911        0.6    6.64311
    0.7651     1.5302     2.2953   0.666667    6.60605
  0.720431    1.44086    2.16129   0.733333    6.57212
  0.672558    1.34512    2.01767        0.8    6.54191
  0.621694    1.24339    1.86508   0.866667    6.51596
  0.568067    1.13613     1.7042   0.933333    6.49474
  0.511914    1.02383    1.53574          1    6.47861
  0.453485    0.90697    1.36046    1.06667    6.46787
   0.39304    0.78608    1.17912    1.13333    6.46271
  0.330847   0.661694   0.992541        1.2    6.46322
  0.267183   0.534367    0.80155    1.26667    6.46939
  0.202332   0.404663   0.606995    1.33333     6.4811
   0.13658   0.273161   0.409741        1.4    6.49816
  0.070222   0.140444   0.210666    1.46667    6.52026
0.00355132 0.00710263  0.0106539    1.53333      6.547
-0.0631352   -0.12627  -0.189405        1.6    6.57792
 -0.129541  -0.259082  -0.388623    1.66667    6.61246
 -0.195371  -0.390742  -0.586112    1.73333       6.65
 -0.260332  -0.520664  -0.780996        1.8    6.68989
 -0.324136  -0.648271  -0.972407    1.86667    6.73141
 -0.386498  -0.772997   -1.15949    1.93333    6.77383
 -0.447142  -0.894285   -1.34143          2    6.81638
 -0.505799    -1.0116    -1.5174    2.06667    6.85833
 -0.562206   -1.12441   -1.68662    2.13333    6.89891
 -0.616114   -1.23223   -1.84834        2.2    6.93742
 -0.667282   -1.33456   -2.00185    2.26667    6.97316
 -0.715484   -1.43097   -2.14645    2.33333     7.0055
 -0.760504   -1.52101   -2.28151        2.4    7.03386
 -0.802143   -1.60429   -2.40643    2.46667    7.05775
 -0.840216   -1.68043   -2.52065    2.53333    7.07674
 -0.874553   -1.74911   -2.62366        2.6    7.09049
 -0.905002      -1.81   -2.71501    2.66667    7.09875
 -0.931427   -1.86285   -2.79428    2.73333    7.10139
 -0.953711   -1.90742   -2.86113        2.8    7.09835
 -0.971755   -1.94351   -2.91526    2.86667    7.08968
 -0.985478   -1.97096   -2.95643    2.93333    7.07554
 -0.994819   -1.98964   -2.98446          3    7.05619
 -0.999738   -1.99948   -2.99921    3.06667    7.03196
  -1.00021   -2.00042   -3.00063    3.13333    7.00329
 -0.996238   -1.99248   -2.98871        3.2    6.97069
 -0.987835   -1.97567   -2.96351    3.26667    6.93473
 -0.975041   -1.95008   -2.92512    3.33333    6.89605
 -0.957911   -1.91582   -2.87373        3.4    6.85534
 -0.936522   -1.87304   -2.80957    3.46667    6.81333
 -0.910969   -1.82194   -2.73291    3.53333    6.77076
 -0.881366   -1.76273    -2.6441        3.6    6.72838
 -0.847844   -1.69569   -2.54353    3.66667    6.68695
 -0.810553   -1.62111   -2.43166    3.73333    6.64721
 -0.769658   -1.53932   -2.30897        3.8    6.60986
 -0.725341   -1.45068   -2.17602    3.86667    6.57556
 -0.677799    -1.3556    -2.0334    3.93333    6.54493
 -0.627244   -1.25449   -1.88173          4    6.51851
   -0.5739    -1.1478    -1.7217    4.06667    6.49676
 -0.518004   -1.03601   -1.55401    4.13333    6.48008
 -0.459805   -0.91961   -1.37941        4.2    6.46875
 -0.399562  -0.799123   -1.19868    4.26667    6.46299
 -0.337542  -0.675084   -1.01263    4.33333     6.4629
 -0.274021  -0.548043  -0.822064        4.4    6.46846
 -0.209282  -0.418565  -0.627847    4.46667     6.4796
 -0.143613  -0.287226  -0.430839    4.53333     6.4961
-0.0773053  -0.154611  -0.231916        4.6    6.51768
-0.0106538 -0.0213075 -0.0319613    4.66667    6.54395
 0.0560451    0.11209   0.168135    4.73333    6.57445
  0.122495    0.24499   0.367485        4.8    6.60863
    0.1884     0.3768     0.5652    4.86667    6.64588
  0.253467   0.506935   0.760402    4.93333    6.68555
  0.317408   0.634816   0.952224          5    6.72694
  0.379937   0.759874    1.13981    5.06667    6.76929
  0.440777   0.881555    1.32233    5.13333    6.81187
  0.499658   0.999315    1.49897        5.2    6.85392
  0.556316    1.11263    1.66895    5.26667    6.89468
  0.610502      1.221    1.83151    5.33333    6.93344
  0.661973    1.32395    1.98592        5.4     6.9695
  0.710501      1.421     2.1315    5.46667    7.00223
   0.75587    1.51174    2.26761    5.53333    7.03105
  0.797878    1.59576    2.39363        5.6    7.05544
  0.836339    1.67268    2.50902    5.66667    7.07496
  0.871081    1.74216    2.61324    5.73333    7.08928
   0.90195     1.8039    2.70585        5.8    7.09814
   0.92881    1.85762    2.78643    5.86667    7.10138
  0.951539    1.90308    2.85462    5.93333    7.09894
  0.970038    1.94008    2.91012          6    7.09087
  0.984225    1.96845    2.95267    6.06667     7.0773
  0.994035    1.98807     2.9821    6.13333    7.05849
  0.999426    1.99885    2.99828        6.2    7.03476
   1.00037    2.00075    3.00112    6.26667    7.00654
  0.996872    1.99374    2.99062    6.33333    6.97433
  0.988939    1.97788    2.96682        6.4     6.9387
   0.97661    1.95322    2.92983    6.46667    6.90027
  0.959938    1.91988    2.87981    6.53333    6.85975
  0.938998      1.878    2.81699        6.6    6.81784
  0.913884    1.82777    2.74165    6.66667    6.77529
  0.884706    1.76941    2.65412    6.73333    6.73286
  0.851595    1.70319    2.55478        6.8     6.6913
  0.814697    1.62939    2.44409    6.86667    6.65134
  0.774177    1.54835    2.32253    6.93333     6.6137
  0.730215    1.46043    2.19065          7    6.57905
  0.683007    1.36601    2.04902    7.06667      6.548
  0.632762    1.26552    1.89829    7.13333     6.5211
  0.579703    1.15941    1.73911        7.2    6.49884
  0.524067    1.04813     1.5722    7.26667     6.4816
  0.466101   0.932203     1.3983    7.33333     6.4697
  0.406063   0.812126    1.21819        7.4    6.46334
  0.344219   0.688439    1.03266    7.46667    6.46264
  0.280845   0.561691   0.842536    7.53333     6.4676
  0.216223   0.432445   0.648668        7.6    6.47815
  0.150639   0.301277   0.451916    7.66667     6.4941
 0.0843847   0.168769   0.253154    7.73333    6.51515
 0.0177557  0.0355114   0.053267        7.8    6.54094
-0.0489523 -0.0979046  -0.146857    7.86667    6.57102
 -0.115443  -0.230885  -0.346328    7.93333    6.60483
  -0.18142  -0.362839  -0.544259          8    6.64179
  -0.24659   -0.49318   -0.73977    8.06667    6.68124
 -0.310664  -0.621328  -0.931993    8.13333    6.72247
 -0.373357  -0.746714   -1.12007        8.2    6.76476
  -0.43439   -0.86878   -1.30317    8.26667    6.80735
 -0.493491  -0.986983   -1.48047    8.33333    6.84949
 -0.550399    -1.1008    -1.6512        8.4    6.89042
 -0.604859   -1.20972   -1.81458    8.46667    6.92943
  -0.65663   -1.31326   -1.96989    8.53333    6.96581
 -0.705482   -1.41096   -2.11645        8.6    6.99893
 -0.751197   -1.50239   -2.25359    8.66667    7.02818
 -0.793572   -1.58714   -2.38072    8.73333    7.05307
 -0.832419   -1.66484   -2.49726        8.8    7.07313
 -0.867564   -1.73513   -2.60269    8.86667    7.08802
 -0.898853   -1.79771   -2.69656    8.93333    7.09746
 -0.926145   -1.85229   -2.77844          9     7.1013
  -0.94932   -1.89864   -2.84796    9.06667    7.09947
 -0.968273   -1.93655   -2.90482    9.13333    7.09199
 -0.982922   -1.96584   -2.94877        9.2      7.079
   -0.9932    -1.9864    -2.9796    9.26667    7.06073
 -0.999063   -1.99813   -2.99719    9.33333    7.03751
  -1.00048   -2.00097   -3.00145        9.4    7.00974
 -0.997456   -1.99491   -2.99237    9.46667    6.97793
 -0.989994   -1.97999   -2.96998    9.53333    6.94263
  -0.97813   -1.95626   -2.93439        9.6    6.90448
 -0.961917   -1.92383   -2.88575    9.66667    6.86414
 -0.941427   -1.88285   -2.82428    9.73333    6.82235
 -0.916752    -1.8335   -2.75026        9.8    6.77983
 -0.888001     -1.776     -2.664    9.86667    6.73735
 -0.855302    -1.7106   -2.56591    9.93333    6.69566
   -0.8188    -1.6376    -2.4564         10    6.65549
 -0.778657   -1.55731   -2.33597    10.0667    6.61758
 -0.735053   -1.47011   -2.20516    10.1333    6.58258
  -0.68818   -1.37636   -2.06454       10.2    6.55112
 -0.638248    -1.2765   -1.91474    10.2667    6.52376
 -0.585478   -1.17096   -1.75643    10.3333    6.50098
 -0.530105   -1.06021   -1.59031       10.4    6.48319
 -0.472375  -0.944749   -1.41712    10.4667     6.4707
 -0.412544  -0.825089   -1.23763    10.5333    6.46375
  -0.35088   -0.70176   -1.05264       10.6    6.46244
 -0.287655  -0.575311  -0.862966    10.6667    6.46681
 -0.223152  -0.446304  -0.669456    10.7333    6.47677
 -0.157656  -0.315313  -0.472969       10.8    6.49215
-0.0914599   -0.18292   -0.27438    10.8667    6.51268
-0.0248567 -0.0497134 -0.0745701    10.9333    6.53799
  0.041857   0.083714   0.125571         11    6.56763
  0.108385   0.216769   0.325154    11.0667    6.60107
   0.17443   0.348861   0.523291    11.1333    6.63773
    0.2397   0.479401   0.719101       11.2    6.67694
  0.303905    0.60781   0.911715    11.2667    6.71802
  0.366758   0.733516    1.10027    11.3333    6.76023
  0.427981   0.855961    1.28394       11.4    6.80283
    0.4873   0.974601     1.4619    11.4667    6.84505
  0.544454    1.08891    1.63336    11.5333    6.88615
  0.599186    1.19837    1.79756       11.6    6.92539
  0.651255    1.30251    1.95376    11.6667    6.96208
  0.700428    1.40086    2.10128    11.7333    6.99558
  0.746486    1.49297    2.23946       11.8    7.02527
  0.789226    1.57845    2.36768    11.8667    7.05064
  0.828457    1.65691    2.48537    11.9333    7.07123
  0.864004    1.72801    2.59201         12    7.08669
   0.89571    1.79142    2.68713    12.0667    7.09672
  0.923434    1.84687     2.7703    12.1333    7.10116
  0.947052     1.8941    2.84116       12.2    7.09993
  0.966459    1.93292    2.89938    12.2667    7.09305
  0.981569    1.96314    2.94471    12.3333    7.08064
  0.992316    1.98463    2.97695       12.4    7.06292
   0.99865     1.9973    2.99595    12.4667    7.04021
   1.00054    2.00109    3.00163    12.5333     7.0129
   0.99799    1.99598    2.99397       12.6    6.98149
  0.990998      1.982    2.97299    12.6667    6.94654
    0.9796     1.9592     2.9388    12.7333    6.90865
  0.963847    1.92769    2.89154       12.8    6.86852
  0.943809    1.88762    2.83143    12.8667    6.82684
  0.919575    1.83915    2.75872    12.9333    6.78437
  0.891251     1.7825    2.67375         13    6.74184
  0.858966    1.71793     2.5769    13.0667    6.70003
  0.822861    1.64572    2.46858    13.1333    6.65967
  0.783098     1.5662    2.34929       13.2    6.62149
  0.739853    1.47971    2.21956    13.2667    6.58614
  0.693318    1.38664    2.07996    13.3333    6.55428
  0.643701     1.2874     1.9311       13.4    6.52646
  0.591223    1.18245    1.77367    13.4667    6.50317
  0.536115    1.07223    1.60834    13.5333    6.48483
  0.478624   0.957248    1.43587       13.6    6.47177
  0.419005   0.838009    1.25701    13.6667    6.46422
  0.357523   0.715045    1.07257    13.7333    6.46231
  0.294451   0.588902   0.883353       13.8    6.46607
   0.23007    0.46014    0.69021    13.8667    6.47545
  0.164666   0.329333   0.493999    13.9333    6.49026
 0.0985304   0.197061   0.295591         14    6.51026
 0.0319565  0.0639129  0.0958694    14.0667    6.53508
-0.0347596 -0.0695191  -0.104279    14.1333    6.56428
 -0.101321  -0.202642  -0.303963       14.2    6.59735
 -0.167432  -0.334864  -0.502296    14.2667    6.63369
 -0.232799  -0.465597  -0.698396    14.3333    6.67267
  -0.29713   -0.59426   -0.89139       14.4    6.71358
 -0.360141  -0.720281   -1.08042    14.4667    6.75571
  -0.42155    -0.8431   -1.26465    14.5333     6.7983
 -0.481085   -0.96217   -1.44325       14.6    6.84059
 -0.538481   -1.07696   -1.61544    14.6667    6.88185
 -0.593483   -1.18697   -1.78045    14.7333    6.92132
 -0.645846   -1.29169   -1.93754       14.8    6.95832
 -0.695338   -1.39068   -2.08601    14.8667    6.99218
 -0.741738   -1.48348   -2.22521    14.9333    7.02231
  -0.78484   -1.56968   -2.35452         15    7.04816
 -0.824453   -1.64891   -2.47336    15.0667    7.06928
 -0.860401    -1.7208    -2.5812    15.1333    7.08529
 -0.892523   -1.78505   -2.67757       15.2    7.09592
 -0.920676   -1.84135   -2.76203    15.2667    7.10096
 -0.944737   -1.88947   -2.83421    15.3333    7.10033
 -0.964596   -1.92919   -2.89379       15.4    7.09405
 -0.980168   -1.96034    -2.9405    15.4667    7.08222
 -0.991381   -1.98276   -2.97414    15.5333    7.06505
 -0.998186   -1.99637   -2.99456       15.6    7.04285
  -1.00055   -2.00111   -3.00166    15.6667    7.01601
 -0.998473   -1.99695   -2.99542    15.7333    6.98502
 -0.991952    -1.9839   -2.97586       15.8    6.95041
 -0.981022   -1.96204   -2.94307    15.8667    6.91281
 -0.965729   -1.93146   -2.89719    15.9333    6.87288
 -0.946143   -1.89229   -2.83843         16    6.83133
 -0.922351    -1.8447   -2.76705    16.0667     6.7889
 -0.894457   -1.78891   -2.68337    16.1333    6.74635
 -0.862587   -1.72517   -2.58776       16.2    6.70443
 -0.826881   -1.65376   -2.48064    16.2667    6.66388
 -0.787499     -1.575    -2.3625    16.3333    6.62543
 -0.744616   -1.48923   -2.23385       16.4    6.58975
 -0.698422   -1.39684   -2.09527    16.4667    6.55749
 -0.649123   -1.29825   -1.94737    16.5333    6.52921
 -0.596938   -1.19388   -1.79081       16.6    6.50542
 -0.542098    -1.0842    -1.6263    16.6667    6.48654
 -0.484849  -0.969698   -1.45455    16.7333    6.47291
 -0.425444  -0.850888   -1.27633       16.8    6.46476
 -0.364147  -0.728294   -1.09244    16.8667    6.46224
 -0.301232  -0.602463  -0.903695    16.9333     6.4654
 -0.236977  -0.473953   -0.71093         17    6.47419
 -0.171668  -0.343336  -0.515004    17.0667    6.48843
 -0.105596  -0.211192  -0.316788    17.1333    6.50789
-0.0390546 -0.0781093  -0.117164       17.2    6.53222
 0.0276604  0.0553208  0.0829811    17.2667    6.56098
 0.0942524   0.188505   0.282757    17.3333    6.59366
  0.160425   0.320851   0.481276       17.4    6.62969
  0.225885    0.45177   0.677655    17.4667    6.66841
   0.29034   0.580681   0.871021    17.5333    6.70915
  0.353505    0.70701    1.06052       17.6    6.75119
  0.415098   0.830196    1.24529    17.6667    6.79376
  0.474845    0.94969    1.42454    17.7333    6.83613
  0.532481    1.06496    1.59744       17.8    6.87753
   0.58775     1.1755    1.76325    17.8667    6.91723
  0.640405    1.28081    1.92122    17.9333    6.95452
  0.690213    1.38043    2.07064         18    6.98874
  0.736953    1.47391    2.21086    18.0667    7.01929
  0.780415    1.56083    2.34125    18.1333    7.04562
  0.820408    1.64082    2.46122       18.2    7.06727
  0.856754    1.71351    2.57026    18.2667    7.08384
   0.88929    1.77858    2.66787    18.3333    7.09505
  0.917872    1.83574    2.75362       18.4    7.10069
  0.942374    1.88475    2.82712    18.4667    7.10067
  0.962685    1.92537    2.88806    18.5333    7.09498
  0.978716    1.95743    2.93615       18.6    7.08373
  0.990396    1.98079    2.97119    18.6667    7.06712
  0.997673    1.99535    2.99302    18.7333    7.04544
   1.00051    2.00103    3.00154       18.8    7.01908
  0.998906    1.99781    2.99672    18.8667     6.9885
  0.992857    1.98571    2.97857    18.9333    6.95425
  0.982394    1.96479    2.94718         19    6.91693
  0.967563    1.93513    2.90269    19.0667    6.87722
   0.94843    1.89686    2.84529    19.1333    6.83581
   0.92508    1.85016    2.77524       19.2    6.79344
  0.897617    1.79523    2.69285    19.2667    6.75086
  0.866164    1.73233    2.59849    19.3333    6.70884
  0.830859    1.66172    2.49258       19.4    6.66811
  0.791861    1.58372    2.37558    19.4667     6.6294
  0.749341    1.49868    2.24802    19.5333     6.5934
   0.70349    1.40698    2.11047       19.6    6.56074
  0.654511    1.30902    1.96353    19.6667    6.53202
  0.602623    1.20525    1.80787    19.7333    6.50773
  0.548055    1.09611    1.64416       19.8    6.48831
   0.49105     0.9821    1.47315    19.8667     6.4741
  0.431862   0.863723    1.29559    19.9333    6.46536
  0.370754   0.741507    1.11226         20    6.46224
