#direkt 	 verbessert 	 relativer Fehler 
0	1.8735e-12	1
0	2.81026e-12	1
0	3.74701e-12	1
0	4.68376e-12	1
0	5.62051e-12	1
0	6.55726e-12	1
0	7.49402e-12	1
0	8.43077e-12	1
0	9.36752e-12	1
0	1.03043e-11	1
0	1.1241e-11	1
0	1.21778e-11	1
0	1.31145e-11	1
0	1.40513e-11	1
0	1.4988e-11	1
0	1.59248e-11	1
0	1.68615e-11	1
0	1.77983e-11	1
0	1.8735e-11	1
0	1.96718e-11	1
0	2.06085e-11	1
0	2.15453e-11	1
0	2.24821e-11	1
0	2.34188e-11	1
0	2.43556e-11	1
0	2.52923e-11	1
0	2.62291e-11	1
0	2.71658e-11	1
0	2.81026e-11	1
0	2.90393e-11	1
0	2.99761e-11	1
0	3.09128e-11	1
0	3.18496e-11	1
0	3.27863e-11	1
0	3.37231e-11	1
0	3.46598e-11	1
0	3.55966e-11	1
0	3.65333e-11	1
0	3.74701e-11	1
0	3.84068e-11	1
0	3.93436e-11	1
0	4.02803e-11	1
0	4.12171e-11	1
0	4.21538e-11	1
0	4.30906e-11	1
0	4.40273e-11	1
0	4.49641e-11	1
0	4.59009e-11	1
0	4.68376e-11	1
0	4.77744e-11	1
0	4.87111e-11	1
0	4.96479e-11	1
0	5.05846e-11	1
0	5.15214e-11	1
0	5.24581e-11	1
0	5.33949e-11	1
0	5.43316e-11	1
1.09052e-10	5.52684e-11	0.973141
1.09052e-10	5.62051e-11	0.940256
1.09052e-10	5.71419e-11	0.908448
1.09052e-10	5.80786e-11	0.877667
1.09052e-10	5.90154e-11	0.847863
1.09052e-10	5.99521e-11	0.81899
1.09052e-10	6.08889e-11	0.791005
1.09052e-10	6.18256e-11	0.763869
1.09052e-10	6.27624e-11	0.737542
1.09052e-10	6.36991e-11	0.71199
1.09052e-10	6.46359e-11	0.687179
1.09052e-10	6.55726e-11	0.663076
1.09052e-10	6.65094e-11	0.639653
1.09052e-10	6.74462e-11	0.61688
1.09052e-10	6.83829e-11	0.594731
1.09052e-10	6.93197e-11	0.57318
1.09052e-10	7.02564e-11	0.552205
1.09052e-10	7.11932e-11	0.531781
1.09052e-10	7.21299e-11	0.511888
1.09052e-10	7.30667e-11	0.492504
1.09052e-10	7.40034e-11	0.473612
1.09052e-10	7.49402e-11	0.455192
1.09052e-10	7.58769e-11	0.437226
1.09052e-10	7.68137e-11	0.419699
1.09052e-10	7.77504e-11	0.402595
1.09052e-10	7.86872e-11	0.385897
1.09052e-10	7.96239e-11	0.369592
1.09052e-10	8.05607e-11	0.353667
1.09052e-10	8.14974e-11	0.338107
1.09052e-10	8.24342e-11	0.322902
1.09052e-10	8.33709e-11	0.308038
1.09052e-10	8.43077e-11	0.293504
1.09052e-10	8.52444e-11	0.27929
1.09052e-10	8.61812e-11	0.265384
1.09052e-10	8.71179e-11	0.251778
1.09052e-10	8.80547e-11	0.238461
1.09052e-10	8.89915e-11	0.225425
1.09052e-10	8.99282e-11	0.21266
1.09052e-10	9.0865e-11	0.200158
1.09052e-10	9.18017e-11	0.187912
1.09052e-10	9.27385e-11	0.175913
1.09052e-10	9.36752e-11	0.164153
1.09052e-10	9.4612e-11	0.152627
1.09052e-10	9.55487e-11	0.141327
1.09052e-10	9.64855e-11	0.130246
1.09052e-10	9.74222e-11	0.119378
1.09052e-10	9.8359e-11	0.108718
1.09052e-10	9.92957e-11	0.098258
1.09052e-10	1.00232e-10	0.0879939
1.09052e-10	1.01169e-10	0.0779199
1.09052e-10	1.02106e-10	0.0680307
1.09052e-10	1.03043e-10	0.0583213
1.09052e-10	1.03979e-10	0.0487869
1.09052e-10	1.04916e-10	0.0394227
1.09052e-10	1.05853e-10	0.0302243
1.09052e-10	1.0679e-10	0.0211872
1.09052e-10	1.07726e-10	0.0123074
1.09052e-10	1.08663e-10	0.00358057
1.09052e-10	1.096e-10	0.00499705
1.09052e-10	1.10537e-10	0.0134293
1.09052e-10	1.11474e-10	0.0217198
1.09052e-10	1.1241e-10	0.0298721
1.09052e-10	1.13347e-10	0.0378897
1.09052e-10	1.14284e-10	0.0457759
1.09052e-10	1.15221e-10	0.0535338
1.09052e-10	1.16157e-10	0.0611666
1.09052e-10	1.17094e-10	0.0686772
1.09052e-10	1.18031e-10	0.0760687
1.09052e-10	1.18968e-10	0.0833437
1.09052e-10	1.19904e-10	0.0905051
1.09052e-10	1.20841e-10	0.0975555
1.09052e-10	1.21778e-10	0.104497
1.09052e-10	1.22715e-10	0.111333
1.09052e-10	1.23651e-10	0.118066
1.09052e-10	1.24588e-10	0.124697
1.09052e-10	1.25525e-10	0.131229
1.09052e-10	1.26462e-10	0.137664
1.09052e-10	1.27398e-10	0.144005
1.09052e-10	1.28335e-10	0.150253
1.09052e-10	1.29272e-10	0.156411
1.09052e-10	1.30209e-10	0.16248
1.09052e-10	1.31145e-10	0.168462
1.09052e-10	1.32082e-10	0.174359
1.09052e-10	1.33019e-10	0.180174
1.09052e-10	1.33956e-10	0.185907
1.09052e-10	1.34892e-10	0.19156
1.09052e-10	1.35829e-10	0.197136
1.09052e-10	1.36766e-10	0.202635
1.09052e-10	1.37703e-10	0.208059
1.09052e-10	1.38639e-10	0.21341
1.09052e-10	1.39576e-10	0.218689
1.09052e-10	1.40513e-10	0.223898
1.09052e-10	1.4145e-10	0.229037
1.09052e-10	1.42386e-10	0.23411
1.09052e-10	1.43323e-10	0.239115
1.09052e-10	1.4426e-10	0.244056
1.09052e-10	1.45197e-10	0.248933
1.09052e-10	1.46133e-10	0.253748
1.09052e-10	1.4707e-10	0.258501
1.09052e-10	1.48007e-10	0.263194
1.09052e-10	1.48944e-10	0.267828
1.09052e-10	1.4988e-10	0.272404
1.09052e-10	1.50817e-10	0.276923
1.09052e-10	1.51754e-10	0.281387
1.09052e-10	1.52691e-10	0.285795
1.09052e-10	1.53627e-10	0.29015
1.09052e-10	1.54564e-10	0.294452
1.09052e-10	1.55501e-10	0.298703
1.09052e-10	1.56438e-10	0.302902
1.09052e-10	1.57374e-10	0.307052
1.09052e-10	1.58311e-10	0.311152
1.09052e-10	1.59248e-10	0.315204
1.09052e-10	1.60185e-10	0.319209
1.09052e-10	1.61121e-10	0.323167
1.09052e-10	1.62058e-10	0.327079
1.09052e-10	1.62995e-10	0.330946
2.18105e-10	1.63932e-10	0.33046
2.18105e-10	1.64868e-10	0.322901
2.18105e-10	1.65805e-10	0.315427
2.18105e-10	1.66742e-10	0.308037
2.18105e-10	1.67679e-10	0.300729
2.18105e-10	1.68615e-10	0.293503
2.18105e-10	1.69552e-10	0.286357
2.18105e-10	1.70489e-10	0.279289
2.18105e-10	1.71426e-10	0.272298
2.18105e-10	1.72362e-10	0.265384
2.18105e-10	1.73299e-10	0.258544
2.18105e-10	1.74236e-10	0.251777
2.18105e-10	1.75173e-10	0.245083
2.18105e-10	1.76109e-10	0.23846
2.18105e-10	1.77046e-10	0.231908
2.18105e-10	1.77983e-10	0.225424
2.18105e-10	1.7892e-10	0.219008
2.18105e-10	1.79856e-10	0.212659
2.18105e-10	1.80793e-10	0.206376
2.18105e-10	1.8173e-10	0.200158
2.18105e-10	1.82667e-10	0.194003
2.18105e-10	1.83603e-10	0.187911
2.18105e-10	1.8454e-10	0.181881
2.18105e-10	1.85477e-10	0.175912
2.18105e-10	1.86414e-10	0.170003
2.18105e-10	1.8735e-10	0.164153
2.18105e-10	1.88287e-10	0.158361
2.18105e-10	1.89224e-10	0.152627
2.18105e-10	1.90161e-10	0.146949
2.18105e-10	1.91097e-10	0.141326
2.18105e-10	1.92034e-10	0.135759
2.18105e-10	1.92971e-10	0.130245
2.18105e-10	1.93908e-10	0.124785
2.18105e-10	1.94844e-10	0.119378
2.18105e-10	1.95781e-10	0.114022
2.18105e-10	1.96718e-10	0.108717
2.18105e-10	1.97655e-10	0.103462
2.18105e-10	1.98591e-10	0.0982574
2.18105e-10	1.99528e-10	0.0931013
2.18105e-10	2.00465e-10	0.0879933
2.18105e-10	2.01402e-10	0.0829329
2.18105e-10	2.02338e-10	0.0779193
2.18105e-10	2.03275e-10	0.0729519
2.18105e-10	2.04212e-10	0.0680302
2.18105e-10	2.05149e-10	0.0631533
2.18105e-10	2.06085e-10	0.0583208
2.18105e-10	2.07022e-10	0.053532
2.18105e-10	2.07959e-10	0.0487864
2.18105e-10	2.08896e-10	0.0440833
2.18105e-10	2.09832e-10	0.0394222
2.18105e-10	2.10769e-10	0.0348025
2.18105e-10	2.11706e-10	0.0302238
2.18105e-10	2.12643e-10	0.0256853
2.18105e-10	2.13579e-10	0.0211867
2.18105e-10	2.14516e-10	0.0167274
2.18105e-10	2.15453e-10	0.0123068
2.18105e-10	2.1639e-10	0.00792456
2.18105e-10	2.17326e-10	0.00358006
2.18105e-10	2.18263e-10	0.000727155
2.18105e-10	2.192e-10	0.00499755
2.18105e-10	2.20137e-10	0.00923161
2.18105e-10	2.21074e-10	0.0134298
2.18105e-10	2.2201e-10	0.0175925
2.18105e-10	2.22947e-10	0.0217203
2.18105e-10	2.23884e-10	0.0258135
2.18105e-10	2.24821e-10	0.0298726
2.18105e-10	2.25757e-10	0.033898
2.18105e-10	2.26694e-10	0.0378902
2.18105e-10	2.27631e-10	0.0418495
2.18105e-10	2.28568e-10	0.0457763
2.18105e-10	2.29504e-10	0.0496711
2.18105e-10	2.30441e-10	0.0535343
2.18105e-10	2.31378e-10	0.0573661
2.18105e-10	2.32315e-10	0.061167
2.18105e-10	2.33251e-10	0.0649375
2.18105e-10	2.34188e-10	0.0686777
2.18105e-10	2.35125e-10	0.0723882
2.18105e-10	2.36062e-10	0.0760692
2.18105e-10	2.36998e-10	0.0797211
2.18105e-10	2.37935e-10	0.0833442
2.18105e-10	2.38872e-10	0.0869389
2.18105e-10	2.39809e-10	0.0905056
2.18105e-10	2.40745e-10	0.0940445
2.18105e-10	2.41682e-10	0.0975559
2.18105e-10	2.42619e-10	0.10104
2.18105e-10	2.43556e-10	0.104498
2.18105e-10	2.44492e-10	0.107929
2.18105e-10	2.45429e-10	0.111334
2.18105e-10	2.46366e-10	0.114713
2.18105e-10	2.47303e-10	0.118066
2.18105e-10	2.48239e-10	0.121394
2.18105e-10	2.49176e-10	0.124697
2.18105e-10	2.50113e-10	0.127975
2.18105e-10	2.5105e-10	0.131229
2.18105e-10	2.51986e-10	0.134459
2.18105e-10	2.52923e-10	0.137665
2.18105e-10	2.5386e-10	0.140847
2.18105e-10	2.54797e-10	0.144005
2.18105e-10	2.55733e-10	0.147141
2.18105e-10	2.5667e-10	0.150253
2.18105e-10	2.57607e-10	0.153343
2.18105e-10	2.58544e-10	0.156411
2.18105e-10	2.5948e-10	0.159456
2.18105e-10	2.60417e-10	0.16248
2.18105e-10	2.61354e-10	0.165482
2.18105e-10	2.62291e-10	0.168462
2.18105e-10	2.63227e-10	0.171421
2.18105e-10	2.64164e-10	0.17436
2.18105e-10	2.65101e-10	0.177277
2.18105e-10	2.66038e-10	0.180174
2.18105e-10	2.66974e-10	0.183051
2.18105e-10	2.67911e-10	0.185907
2.18105e-10	2.68848e-10	0.188744
2.18105e-10	2.69785e-10	0.191561
2.18105e-10	2.70721e-10	0.194358
2.18105e-10	2.71658e-10	0.197136
2.18105e-10	2.72595e-10	0.199895
3.27157e-10	2.73532e-10	0.196048
3.27157e-10	2.74468e-10	0.191966
3.27157e-10	2.75405e-10	0.187911
3.27157e-10	2.76342e-10	0.183884
3.27157e-10	2.77279e-10	0.179885
3.27157e-10	2.78215e-10	0.175912
3.27157e-10	2.79152e-10	0.171966
3.27157e-10	2.80089e-10	0.168047
3.27157e-10	2.81026e-10	0.164153
3.27157e-10	2.81962e-10	0.160285
3.27157e-10	2.82899e-10	0.156443
3.27157e-10	2.83836e-10	0.152627
3.27157e-10	2.84773e-10	0.148835
3.27157e-10	2.85709e-10	0.145069
3.27157e-10	2.86646e-10	0.141327
3.27157e-10	2.87583e-10	0.137609
3.27157e-10	2.8852e-10	0.133915
3.27157e-10	2.89456e-10	0.130246
3.27157e-10	2.90393e-10	0.1266
3.27157e-10	2.9133e-10	0.122977
3.27157e-10	2.92267e-10	0.119378
3.27157e-10	2.93203e-10	0.115802
3.27157e-10	2.9414e-10	0.112248
3.27157e-10	2.95077e-10	0.108717
3.27157e-10	2.96014e-10	0.105209
3.27157e-10	2.9695e-10	0.101722
3.27157e-10	2.97887e-10	0.0982576
3.27157e-10	2.98824e-10	0.0948148
3.27157e-10	2.99761e-10	0.0913935
3.27157e-10	3.00697e-10	0.0879935
3.27157e-10	3.01634e-10	0.0846147
3.27157e-10	3.02571e-10	0.0812567
3.27157e-10	3.03508e-10	0.0779195
3.27157e-10	3.04444e-10	0.0746028
3.27157e-10	3.05381e-10	0.0713065
3.27157e-10	3.06318e-10	0.0680303
3.27157e-10	3.07255e-10	0.0647741
3.27157e-10	3.08191e-10	0.0615377
3.27157e-10	3.09128e-10	0.058321
3.27157e-10	3.10065e-10	0.0551236
3.27157e-10	3.11002e-10	0.0519455
3.27157e-10	3.11938e-10	0.0487865
3.27157e-10	3.12875e-10	0.0456465
3.27157e-10	3.13812e-10	0.0425251
3.27157e-10	3.14749e-10	0.0394224
3.27157e-10	3.15685e-10	0.036338
3.27157e-10	3.16622e-10	0.0332719
3.27157e-10	3.17559e-10	0.0302239
3.27157e-10	3.18496e-10	0.0271939
3.27157e-10	3.19432e-10	0.0241816
3.27157e-10	3.20369e-10	0.0211869
3.27157e-10	3.21306e-10	0.0182097
3.27157e-10	3.22243e-10	0.0152498
3.27157e-10	3.23179e-10	0.012307
3.27157e-10	3.24116e-10	0.00938127
3.27157e-10	3.25053e-10	0.00647239
3.27157e-10	3.2599e-10	0.00358023
3.27157e-10	3.26926e-10	0.000704637
3.27157e-10	3.27863e-10	0.00215452
3.27157e-10	3.288e-10	0.00499738
3.27157e-10	3.29737e-10	0.0078241
3.27157e-10	3.30674e-10	0.0106348
3.27157e-10	3.3161e-10	0.0134296
3.27157e-10	3.32547e-10	0.0162087
3.27157e-10	3.33484e-10	0.0189721
3.27157e-10	3.34421e-10	0.0217201
3.27157e-10	3.35357e-10	0.0244527
3.27157e-10	3.36294e-10	0.0271701
3.27157e-10	3.37231e-10	0.0298724
3.27157e-10	3.38168e-10	0.0325598
3.27157e-10	3.39104e-10	0.0352323
3.27157e-10	3.40041e-10	0.03789
3.27157e-10	3.40978e-10	0.0405332
3.27157e-10	3.41915e-10	0.0431619
3.27157e-10	3.42851e-10	0.0457762
3.27157e-10	3.43788e-10	0.0483762
3.27157e-10	3.44725e-10	0.0509622
3.27157e-10	3.45662e-10	0.0535341
3.27157e-10	3.46598e-10	0.0560921
3.27157e-10	3.47535e-10	0.0586363
3.27157e-10	3.48472e-10	0.0611669
3.27157e-10	3.49409e-10	0.0636839
3.27157e-10	3.50345e-10	0.0661874
3.27157e-10	3.51282e-10	0.0686776
3.27157e-10	3.52219e-10	0.0711545
3.27157e-10	3.53156e-10	0.0736183
3.27157e-10	3.54092e-10	0.076069
3.27157e-10	3.55029e-10	0.0785068
3.27157e-10	3.55966e-10	0.0809318
3.27157e-10	3.56903e-10	0.083344
3.27157e-10	3.57839e-10	0.0857437
3.27157e-10	3.58776e-10	0.0881308
3.27157e-10	3.59713e-10	0.0905054
3.27157e-10	3.6065e-10	0.0928677
3.27157e-10	3.61586e-10	0.0952178
3.27157e-10	3.62523e-10	0.0975558
3.27157e-10	3.6346e-10	0.0998817
3.27157e-10	3.64397e-10	0.102196
3.27157e-10	3.65333e-10	0.104498
3.27157e-10	3.6627e-10	0.106788
3.27157e-10	3.67207e-10	0.109067
3.27157e-10	3.68144e-10	0.111334
3.27157e-10	3.6908e-10	0.113589
3.27157e-10	3.70017e-10	0.115833
3.27157e-10	3.70954e-10	0.118066
3.27157e-10	3.71891e-10	0.120287
3.27157e-10	3.72827e-10	0.122498
3.27157e-10	3.73764e-10	0.124697
3.27157e-10	3.74701e-10	0.126885
3.27157e-10	3.75638e-10	0.129063
3.27157e-10	3.76574e-10	0.131229
3.27157e-10	3.77511e-10	0.133385
3.27157e-10	3.78448e-10	0.13553
3.27157e-10	3.79385e-10	0.137664
3.27157e-10	3.80321e-10	0.139788
3.27157e-10	3.81258e-10	0.141902
4.36209e-10	3.82195e-10	0.141327
4.36209e-10	3.83132e-10	0.138536
4.36209e-10	3.84068e-10	0.135759
4.36209e-10	3.85005e-10	0.132996
4.36209e-10	3.85942e-10	0.130246
4.36209e-10	3.86879e-10	0.127509
4.36209e-10	3.87815e-10	0.124786
4.36209e-10	3.88752e-10	0.122075
4.36209e-10	3.89689e-10	0.119378
4.36209e-10	3.90626e-10	0.116694
4.36209e-10	3.91562e-10	0.114022
4.36209e-10	3.92499e-10	0.111364
4.36209e-10	3.93436e-10	0.108717
4.36209e-10	3.94373e-10	0.106084
4.36209e-10	3.95309e-10	0.103463
4.36209e-10	3.96246e-10	0.100854
4.36209e-10	3.97183e-10	0.0982578
4.36209e-10	3.9812e-10	0.0956737
4.36209e-10	3.99056e-10	0.0931017
4.36209e-10	3.99993e-10	0.0905417
4.36209e-10	4.0093e-10	0.0879937
4.36209e-10	4.01867e-10	0.0854576
4.36209e-10	4.02803e-10	0.0829333
4.36209e-10	4.0374e-10	0.0804207
4.36209e-10	4.04677e-10	0.0779197
4.36209e-10	4.05614e-10	0.0754303
4.36209e-10	4.0655e-10	0.0729524
4.36209e-10	4.07487e-10	0.0704858
4.36209e-10	4.08424e-10	0.0680306
4.36209e-10	4.09361e-10	0.0655866
4.36209e-10	4.10297e-10	0.0631537
4.36209e-10	4.11234e-10	0.0607319
4.36209e-10	4.12171e-10	0.0583212
4.36209e-10	4.13108e-10	0.0559214
4.36209e-10	4.14044e-10	0.0535324
4.36209e-10	4.14981e-10	0.0511542
4.36209e-10	4.15918e-10	0.0487868
4.36209e-10	4.16855e-10	0.0464299
4.36209e-10	4.17791e-10	0.0440837
4.36209e-10	4.18728e-10	0.0417479
4.36209e-10	4.19665e-10	0.0394226
4.36209e-10	4.20602e-10	0.0371076
4.36209e-10	4.21538e-10	0.0348029
4.36209e-10	4.22475e-10	0.0325085
4.36209e-10	4.23412e-10	0.0302242
4.36209e-10	4.24349e-10	0.0279499
4.36209e-10	4.25285e-10	0.0256857
4.36209e-10	4.26222e-10	0.0234315
4.36209e-10	4.27159e-10	0.0211871
4.36209e-10	4.28096e-10	0.0189526
4.36209e-10	4.29032e-10	0.0167278
4.36209e-10	4.29969e-10	0.0145127
4.36209e-10	4.30906e-10	0.0123072
4.36209e-10	4.31843e-10	0.0101113
4.36209e-10	4.32779e-10	0.00792494
4.36209e-10	4.33716e-10	0.005748
4.36209e-10	4.34653e-10	0.00358044
4.36209e-10	4.3559e-10	0.0014222
4.36209e-10	4.36526e-10	0.000726774
4.36209e-10	4.37463e-10	0.00286655
4.36209e-10	4.384e-10	0.00499717
4.36209e-10	4.39337e-10	0.00711871
4.36209e-10	4.40273e-10	0.00923123
4.36209e-10	4.4121e-10	0.0113348
4.36209e-10	4.42147e-10	0.0134294
4.36209e-10	4.43084e-10	0.0155152
4.36209e-10	4.44021e-10	0.0175921
4.36209e-10	4.44957e-10	0.0196604
4.36209e-10	4.45894e-10	0.0217199
4.36209e-10	4.46831e-10	0.0237708
4.36209e-10	4.47768e-10	0.0258131
4.36209e-10	4.48704e-10	0.0278469
4.36209e-10	4.49641e-10	0.0298722
4.36209e-10	4.50578e-10	0.0318891
4.36209e-10	4.51515e-10	0.0338977
4.36209e-10	4.52451e-10	0.0358979
4.36209e-10	4.53388e-10	0.0378898
4.36209e-10	4.54325e-10	0.0398736
4.36209e-10	4.55262e-10	0.0418491
4.36209e-10	4.56198e-10	0.0438166
4.36209e-10	4.57135e-10	0.045776
4.36209e-10	4.58072e-10	0.0477274
4.36209e-10	4.59009e-10	0.0496708
4.36209e-10	4.59945e-10	0.0516063
4.36209e-10	4.60882e-10	0.0535339
4.36209e-10	4.61819e-10	0.0554537
4.36209e-10	4.62756e-10	0.0573657
4.36209e-10	4.63692e-10	0.0592701
4.36209e-10	4.64629e-10	0.0611667
4.36209e-10	4.65566e-10	0.0630557
4.36209e-10	4.66503e-10	0.0649371
4.36209e-10	4.67439e-10	0.066811
4.36209e-10	4.68376e-10	0.0686774
4.36209e-10	4.69313e-10	0.0705363
4.36209e-10	4.7025e-10	0.0723878
4.36209e-10	4.71186e-10	0.074232
4.36209e-10	4.72123e-10	0.0760688
4.36209e-10	4.7306e-10	0.0778984
4.36209e-10	4.73997e-10	0.0797207
4.36209e-10	4.74933e-10	0.0815359
4.36209e-10	4.7587e-10	0.0833439
4.36209e-10	4.76807e-10	0.0851447
4.36209e-10	4.77744e-10	0.0869386
4.36209e-10	4.7868e-10	0.0887254
4.36209e-10	4.79617e-10	0.0905052
4.36209e-10	4.80554e-10	0.0922781
4.36209e-10	4.81491e-10	0.0940441
4.36209e-10	4.82427e-10	0.0958033
4.36209e-10	4.83364e-10	0.0975556
4.36209e-10	4.84301e-10	0.0993011
4.36209e-10	4.85238e-10	0.10104
4.36209e-10	4.86174e-10	0.102772
4.36209e-10	4.87111e-10	0.104497
4.36209e-10	4.88048e-10	0.106216
4.36209e-10	4.88985e-10	0.107928
4.36209e-10	4.89921e-10	0.109634
5.45262e-10	4.90858e-10	0.110833
5.45262e-10	4.91795e-10	0.108717
5.45262e-10	4.92732e-10	0.10661
5.45262e-10	4.93668e-10	0.10451
5.45262e-10	4.94605e-10	0.102418
5.45262e-10	4.95542e-10	0.100334
5.45262e-10	4.96479e-10	0.0982578
5.45262e-10	4.97415e-10	0.0961895
5.45262e-10	4.98352e-10	0.094129
5.45262e-10	4.99289e-10	0.0920762
5.45262e-10	5.00226e-10	0.0900311
5.45262e-10	5.01162e-10	0.0879937
5.45262e-10	5.02099e-10	0.0859638
5.45262e-10	5.03036e-10	0.0839415
5.45262e-10	5.03973e-10	0.0819268
5.45262e-10	5.04909e-10	0.0799195
5.45262e-10	5.05846e-10	0.0779196
5.45262e-10	5.06783e-10	0.0759272
5.45262e-10	5.0772e-10	0.0739421
5.45262e-10	5.08656e-10	0.0719643
5.45262e-10	5.09593e-10	0.0699938
5.45262e-10	5.1053e-10	0.0680305
5.45262e-10	5.11467e-10	0.0660744
5.45262e-10	5.12403e-10	0.0641254
5.45262e-10	5.1334e-10	0.0621836
5.45262e-10	5.14277e-10	0.0602488
5.45262e-10	5.15214e-10	0.0583211
5.45262e-10	5.1615e-10	0.0564004
5.45262e-10	5.17087e-10	0.0544866
5.45262e-10	5.18024e-10	0.0525798
5.45262e-10	5.18961e-10	0.0506798
5.45262e-10	5.19897e-10	0.0487867
5.45262e-10	5.20834e-10	0.0469004
5.45262e-10	5.21771e-10	0.0450208
5.45262e-10	5.22708e-10	0.043148
5.45262e-10	5.23644e-10	0.0412819
5.45262e-10	5.24581e-10	0.0394225
5.45262e-10	5.25518e-10	0.0375697
5.45262e-10	5.26455e-10	0.0357235
5.45262e-10	5.27391e-10	0.0338839
5.45262e-10	5.28328e-10	0.0320507
5.45262e-10	5.29265e-10	0.0302241
5.45262e-10	5.30202e-10	0.0284039
5.45262e-10	5.31138e-10	0.0265901
5.45262e-10	5.32075e-10	0.0247828
5.45262e-10	5.33012e-10	0.0229817
5.45262e-10	5.33949e-10	0.021187
5.45262e-10	5.34885e-10	0.0193986
5.45262e-10	5.35822e-10	0.0176165
5.45262e-10	5.36759e-10	0.0158405
5.45262e-10	5.37696e-10	0.0140707
5.45262e-10	5.38632e-10	0.0123071
5.45262e-10	5.39569e-10	0.0105497
5.45262e-10	5.40506e-10	0.00879828
5.45262e-10	5.41443e-10	0.00705296
5.45262e-10	5.42379e-10	0.00531366
5.45262e-10	5.43316e-10	0.00358036
5.45262e-10	5.44253e-10	0.00185303
5.45262e-10	5.4519e-10	0.000131632
5.45262e-10	5.46126e-10	0.00158386
5.45262e-10	5.47063e-10	0.00329348
5.45262e-10	5.48e-10	0.00499725
5.45262e-10	5.48937e-10	0.00669521
5.45262e-10	5.49873e-10	0.00838738
5.45262e-10	5.5081e-10	0.0100738
5.45262e-10	5.51747e-10	0.0117545
5.45262e-10	5.52684e-10	0.0134295
5.45262e-10	5.53621e-10	0.0150988
5.45262e-10	5.54557e-10	0.0167625
5.45262e-10	5.55494e-10	0.0184206
5.45262e-10	5.56431e-10	0.020073
5.45262e-10	5.57368e-10	0.02172
5.45262e-10	5.58304e-10	0.0233614
5.45262e-10	5.59241e-10	0.0249973
5.45262e-10	5.60178e-10	0.0266277
5.45262e-10	5.61115e-10	0.0282527
5.45262e-10	5.62051e-10	0.0298723
5.45262e-10	5.62988e-10	0.0314865
5.45262e-10	5.63925e-10	0.0330953
5.45262e-10	5.64862e-10	0.0346988
5.45262e-10	5.65798e-10	0.036297
5.45262e-10	5.66735e-10	0.0378899
5.45262e-10	5.67672e-10	0.0394775
5.45262e-10	5.68609e-10	0.04106
5.45262e-10	5.69545e-10	0.0426372
5.45262e-10	5.70482e-10	0.0442092
5.45262e-10	5.71419e-10	0.045776
5.45262e-10	5.72356e-10	0.0473378
5.45262e-10	5.73292e-10	0.0488944
5.45262e-10	5.74229e-10	0.050446
5.45262e-10	5.75166e-10	0.0519925
5.45262e-10	5.76103e-10	0.053534
5.45262e-10	5.77039e-10	0.0550704
5.45262e-10	5.77976e-10	0.0566019
5.45262e-10	5.78913e-10	0.0581285
5.45262e-10	5.7985e-10	0.0596501
5.45262e-10	5.80786e-10	0.0611668
5.45262e-10	5.81723e-10	0.0626786
5.45262e-10	5.8266e-10	0.0641855
5.45262e-10	5.83597e-10	0.0656876
5.45262e-10	5.84533e-10	0.0671849
5.45262e-10	5.8547e-10	0.0686774
5.45262e-10	5.86407e-10	0.0701652
5.45262e-10	5.87344e-10	0.0716482
5.45262e-10	5.8828e-10	0.0731264
5.45262e-10	5.89217e-10	0.0746
5.45262e-10	5.90154e-10	0.0760689
5.45262e-10	5.91091e-10	0.0775331
5.45262e-10	5.92027e-10	0.0789927
5.45262e-10	5.92964e-10	0.0804477
5.45262e-10	5.93901e-10	0.0818981
5.45262e-10	5.94838e-10	0.0833439
5.45262e-10	5.95774e-10	0.0847852
5.45262e-10	5.96711e-10	0.086222
5.45262e-10	5.97648e-10	0.0876542
5.45262e-10	5.98585e-10	0.089082
5.45262e-10	5.99521e-10	0.0905053
6.54314e-10	6.00458e-10	0.089691
6.54314e-10	6.01395e-10	0.0879937
6.54314e-10	6.02332e-10	0.0863016
6.54314e-10	6.03268e-10	0.0846148
6.54314e-10	6.04205e-10	0.0829333
6.54314e-10	6.05142e-10	0.0812569
6.54314e-10	6.06079e-10	0.0795857
6.54314e-10	6.07015e-10	0.0779197
6.54314e-10	6.07952e-10	0.0762588
6.54314e-10	6.08889e-10	0.074603
6.54314e-10	6.09826e-10	0.0729523
6.54314e-10	6.10762e-10	0.0713067
6.54314e-10	6.11699e-10	0.0696661
6.54314e-10	6.12636e-10	0.0680305
6.54314e-10	6.13573e-10	0.0663999
6.54314e-10	6.14509e-10	0.0647743
6.54314e-10	6.15446e-10	0.0631537
6.54314e-10	6.16383e-10	0.0615379
6.54314e-10	6.1732e-10	0.0599271
6.54314e-10	6.18256e-10	0.0583211
6.54314e-10	6.19193e-10	0.0567201
6.54314e-10	6.2013e-10	0.0551238
6.54314e-10	6.21067e-10	0.0535324
6.54314e-10	6.22003e-10	0.0519457
6.54314e-10	6.2294e-10	0.0503638
6.54314e-10	6.23877e-10	0.0487867
6.54314e-10	6.24814e-10	0.0472143
6.54314e-10	6.2575e-10	0.0456466
6.54314e-10	6.26687e-10	0.0440836
6.54314e-10	6.27624e-10	0.0425253
6.54314e-10	6.28561e-10	0.0409716
6.54314e-10	6.29497e-10	0.0394226
6.54314e-10	6.30434e-10	0.0378781
6.54314e-10	6.31371e-10	0.0363382
6.54314e-10	6.32308e-10	0.0348029
6.54314e-10	6.33244e-10	0.0332721
6.54314e-10	6.34181e-10	0.0317459
6.54314e-10	6.35118e-10	0.0302241
6.54314e-10	6.36055e-10	0.0287069
6.54314e-10	6.36991e-10	0.0271941
6.54314e-10	6.37928e-10	0.0256857
6.54314e-10	6.38865e-10	0.0241818
6.54314e-10	6.39802e-10	0.0226822
6.54314e-10	6.40738e-10	0.0211871
6.54314e-10	6.41675e-10	0.0196963
6.54314e-10	6.42612e-10	0.0182098
6.54314e-10	6.43549e-10	0.0167277
6.54314e-10	6.44485e-10	0.0152499
6.54314e-10	6.45422e-10	0.0137764
6.54314e-10	6.46359e-10	0.0123072
6.54314e-10	6.47296e-10	0.0108422
6.54314e-10	6.48232e-10	0.00938144
6.54314e-10	6.49169e-10	0.0079249
6.54314e-10	6.50106e-10	0.00647256
6.54314e-10	6.51043e-10	0.0050244
6.54314e-10	6.51979e-10	0.0035804
6.54314e-10	6.52916e-10	0.00214054
6.54314e-10	6.53853e-10	0.000704807
6.54314e-10	6.5479e-10	0.000726816
6.54314e-10	6.55726e-10	0.00215435
6.54314e-10	6.56663e-10	0.00357781
6.54314e-10	6.576e-10	0.00499721
6.54314e-10	6.58537e-10	0.00641258
6.54314e-10	6.59473e-10	0.00782393
6.54314e-10	6.6041e-10	0.00923127
6.54314e-10	6.61347e-10	0.0106346
6.54314e-10	6.62284e-10	0.012034
6.54314e-10	6.63221e-10	0.0134294
6.54314e-10	6.64157e-10	0.0148209
6.54314e-10	6.65094e-10	0.0162085
6.54314e-10	6.66031e-10	0.0175922
6.54314e-10	6.66968e-10	0.018972
6.54314e-10	6.67904e-10	0.0203479
6.54314e-10	6.68841e-10	0.02172
6.54314e-10	6.69778e-10	0.0230882
6.54314e-10	6.70715e-10	0.0244526
6.54314e-10	6.71651e-10	0.0258132
6.54314e-10	6.72588e-10	0.02717
6.54314e-10	6.73525e-10	0.028523
6.54314e-10	6.74462e-10	0.0298723
6.54314e-10	6.75398e-10	0.0312178
6.54314e-10	6.76335e-10	0.0325596
6.54314e-10	6.77272e-10	0.0338977
6.54314e-10	6.78209e-10	0.0352321
6.54314e-10	6.79145e-10	0.0365628
6.54314e-10	6.80082e-10	0.0378899
6.54314e-10	6.81019e-10	0.0392133
6.54314e-10	6.81956e-10	0.040533
6.54314e-10	6.82892e-10	0.0418492
6.54314e-10	6.83829e-10	0.0431617
6.54314e-10	6.84766e-10	0.0444706
6.54314e-10	6.85703e-10	0.045776
6.54314e-10	6.86639e-10	0.0470778
6.54314e-10	6.87576e-10	0.0483761
6.54314e-10	6.88513e-10	0.0496708
6.54314e-10	6.8945e-10	0.050962
6.54314e-10	6.90386e-10	0.0522497
6.54314e-10	6.91323e-10	0.0535339
6.54314e-10	6.9226e-10	0.0548147
6.54314e-10	6.93197e-10	0.056092
6.54314e-10	6.94133e-10	0.0573658
6.54314e-10	6.9507e-10	0.0586362
6.54314e-10	6.96007e-10	0.0599032
6.54314e-10	6.96944e-10	0.0611667
6.54314e-10	6.9788e-10	0.0624269
6.54314e-10	6.98817e-10	0.0636837
6.54314e-10	6.99754e-10	0.0649371
6.54314e-10	7.00691e-10	0.0661872
6.54314e-10	7.01627e-10	0.067434
6.54314e-10	7.02564e-10	0.0686774
6.54314e-10	7.03501e-10	0.0699175
6.54314e-10	7.04438e-10	0.0711543
6.54314e-10	7.05374e-10	0.0723878
6.54314e-10	7.06311e-10	0.0736181
6.54314e-10	7.07248e-10	0.0748451
6.54314e-10	7.08185e-10	0.0760688
7.63366e-10	7.09121e-10	0.0764957
7.63366e-10	7.10058e-10	0.0750755
7.63366e-10	7.10995e-10	0.0736591
7.63366e-10	7.11932e-10	0.0722464
7.63366e-10	7.12868e-10	0.0708374
7.63366e-10	7.13805e-10	0.0694321
7.63366e-10	7.14742e-10	0.0680305
7.63366e-10	7.15679e-10	0.0666325
7.63366e-10	7.16615e-10	0.0652382
7.63366e-10	7.17552e-10	0.0638476
7.63366e-10	7.18489e-10	0.0624605
7.63366e-10	7.19426e-10	0.0610771
7.63366e-10	7.20362e-10	0.0596973
7.63366e-10	7.21299e-10	0.0583211
7.63366e-10	7.22236e-10	0.0569484
7.63366e-10	7.23173e-10	0.0555793
7.63366e-10	7.24109e-10	0.0542138
7.63366e-10	7.25046e-10	0.0528517
7.63366e-10	7.25983e-10	0.0514932
7.63366e-10	7.2692e-10	0.0501382
7.63366e-10	7.27856e-10	0.0487867
7.63366e-10	7.28793e-10	0.0474386
7.63366e-10	7.2973e-10	0.046094
7.63366e-10	7.30667e-10	0.0447529
7.63366e-10	7.31603e-10	0.0434152
7.63366e-10	7.3254e-10	0.0420809
7.63366e-10	7.33477e-10	0.04075
7.63366e-10	7.34414e-10	0.0394225
7.63366e-10	7.3535e-10	0.0380984
7.63366e-10	7.36287e-10	0.0367777
7.63366e-10	7.37224e-10	0.0354603
7.63366e-10	7.38161e-10	0.0341462
7.63366e-10	7.39097e-10	0.0328355
7.63366e-10	7.40034e-10	0.0315282
7.63366e-10	7.40971e-10	0.0302241
7.63366e-10	7.41908e-10	0.0289233
7.63366e-10	7.42844e-10	0.0276258
7.63366e-10	7.43781e-10	0.0263315
7.63366e-10	7.44718e-10	0.0250406
7.63366e-10	7.45655e-10	0.0237528
7.63366e-10	7.46591e-10	0.0224683
7.63366e-10	7.47528e-10	0.021187
7.63366e-10	7.48465e-10	0.0199089
7.63366e-10	7.49402e-10	0.0186341
7.63366e-10	7.50338e-10	0.0173623
7.63366e-10	7.51275e-10	0.0160938
7.63366e-10	7.52212e-10	0.0148284
7.63366e-10	7.53149e-10	0.0135662
7.63366e-10	7.54085e-10	0.0123071
7.63366e-10	7.55022e-10	0.0110512
7.63366e-10	7.55959e-10	0.00979832
7.63366e-10	7.56896e-10	0.00854857
7.63366e-10	7.57832e-10	0.00730191
7.63366e-10	7.58769e-10	0.00605832
7.63366e-10	7.59706e-10	0.00481781
7.63366e-10	7.60643e-10	0.00358035
7.63366e-10	7.61579e-10	0.00234593
7.63366e-10	7.62516e-10	0.00111455
7.63366e-10	7.63453e-10	0.000113814
7.63366e-10	7.6439e-10	0.00133916
7.63366e-10	7.65326e-10	0.00256152
7.63366e-10	7.66263e-10	0.00378088
7.63366e-10	7.672e-10	0.00499726
7.63366e-10	7.68137e-10	0.00621068
7.63366e-10	7.69073e-10	0.00742114
7.63366e-10	7.7001e-10	0.00862866
7.63366e-10	7.70947e-10	0.00983324
7.63366e-10	7.71884e-10	0.0110349
7.63366e-10	7.72821e-10	0.0122336
7.63366e-10	7.73757e-10	0.0134295
7.63366e-10	7.74694e-10	0.0146224
7.63366e-10	7.75631e-10	0.0158125
7.63366e-10	7.76568e-10	0.0169997
7.63366e-10	7.77504e-10	0.018184
7.63366e-10	7.78441e-10	0.0193655
7.63366e-10	7.79378e-10	0.0205442
7.63366e-10	7.80315e-10	0.02172
7.63366e-10	7.81251e-10	0.022893
7.63366e-10	7.82188e-10	0.0240632
7.63366e-10	7.83125e-10	0.0252306
7.63366e-10	7.84062e-10	0.0263952
7.63366e-10	7.84998e-10	0.027557
7.63366e-10	7.85935e-10	0.028716
7.63366e-10	7.86872e-10	0.0298723
7.63366e-10	7.87809e-10	0.0310259
7.63366e-10	7.88745e-10	0.0321767
7.63366e-10	7.89682e-10	0.0333247
7.63366e-10	7.90619e-10	0.0344701
7.63366e-10	7.91556e-10	0.0356127
7.63366e-10	7.92492e-10	0.0367527
7.63366e-10	7.93429e-10	0.0378899
7.63366e-10	7.94366e-10	0.0390245
7.63366e-10	7.95303e-10	0.0401564
7.63366e-10	7.96239e-10	0.0412856
7.63366e-10	7.97176e-10	0.0424122
7.63366e-10	7.98113e-10	0.0435361
7.63366e-10	7.9905e-10	0.0446574
7.63366e-10	7.99986e-10	0.0457761
7.63366e-10	8.00923e-10	0.0468921
7.63366e-10	8.0186e-10	0.0480056
7.63366e-10	8.02797e-10	0.0491164
7.63366e-10	8.03733e-10	0.0502247
7.63366e-10	8.0467e-10	0.0513303
7.63366e-10	8.05607e-10	0.0524334
7.63366e-10	8.06544e-10	0.053534
7.63366e-10	8.0748e-10	0.054632
7.63366e-10	8.08417e-10	0.0557274
7.63366e-10	8.09354e-10	0.0568203
7.63366e-10	8.10291e-10	0.0579107
7.63366e-10	8.11227e-10	0.0589986
7.63366e-10	8.12164e-10	0.0600839
7.63366e-10	8.13101e-10	0.0611668
7.63366e-10	8.14038e-10	0.0622471
7.63366e-10	8.14974e-10	0.063325
7.63366e-10	8.15911e-10	0.0644004
7.63366e-10	8.16848e-10	0.0654733
7.63366e-10	8.17785e-10	0.0665438
8.72418e-10	8.18721e-10	0.0655865
8.72418e-10	8.19658e-10	0.0643687
8.72418e-10	8.20595e-10	0.0631536
8.72418e-10	8.21532e-10	0.0619414
8.72418e-10	8.22468e-10	0.0607319
8.72418e-10	8.23405e-10	0.0595251
8.72418e-10	8.24342e-10	0.0583211
8.72418e-10	8.25279e-10	0.0571198
8.72418e-10	8.26215e-10	0.0559213
8.72418e-10	8.27152e-10	0.0547255
8.72418e-10	8.28089e-10	0.0535323
8.72418e-10	8.29026e-10	0.0523419
8.72418e-10	8.29962e-10	0.0511542
8.72418e-10	8.30899e-10	0.0499691
8.72418e-10	8.31836e-10	0.0487867
8.72418e-10	8.32773e-10	0.047607
8.72418e-10	8.33709e-10	0.0464299
8.72418e-10	8.34646e-10	0.0452554
8.72418e-10	8.35583e-10	0.0440836
8.72418e-10	8.3652e-10	0.0429144
8.72418e-10	8.37456e-10	0.0417479
8.72418e-10	8.38393e-10	0.0405839
8.72418e-10	8.3933e-10	0.0394225
8.72418e-10	8.40267e-10	0.0382638
8.72418e-10	8.41203e-10	0.0371076
8.72418e-10	8.4214e-10	0.0359539
8.72418e-10	8.43077e-10	0.0348029
8.72418e-10	8.44014e-10	0.0336544
8.72418e-10	8.4495e-10	0.0325084
8.72418e-10	8.45887e-10	0.031365
8.72418e-10	8.46824e-10	0.0302241
8.72418e-10	8.47761e-10	0.0290857
8.72418e-10	8.48697e-10	0.0279499
8.72418e-10	8.49634e-10	0.0268165
8.72418e-10	8.50571e-10	0.0256857
8.72418e-10	8.51508e-10	0.0245573
8.72418e-10	8.52444e-10	0.0234314
8.72418e-10	8.53381e-10	0.022308
8.72418e-10	8.54318e-10	0.021187
8.72418e-10	8.55255e-10	0.0200686
8.72418e-10	8.56191e-10	0.0189525
8.72418e-10	8.57128e-10	0.0178389
8.72418e-10	8.58065e-10	0.0167277
8.72418e-10	8.59002e-10	0.015619
8.72418e-10	8.59938e-10	0.0145126
8.72418e-10	8.60875e-10	0.0134087
8.72418e-10	8.61812e-10	0.0123072
8.72418e-10	8.62749e-10	0.011208
8.72418e-10	8.63685e-10	0.0101113
8.72418e-10	8.64622e-10	0.00901689
8.72418e-10	8.65559e-10	0.00792488
8.72418e-10	8.66496e-10	0.00683523
8.72418e-10	8.67432e-10	0.00574793
8.72418e-10	8.68369e-10	0.00466299
8.72418e-10	8.69306e-10	0.00358037
8.72418e-10	8.70243e-10	0.00250009
8.72418e-10	8.71179e-10	0.00142214
8.72418e-10	8.72116e-10	0.000346496
8.72418e-10	8.73053e-10	0.000726838
8.72418e-10	8.7399e-10	0.00179787
8.72418e-10	8.74926e-10	0.00286661
8.72418e-10	8.75863e-10	0.00393306
8.72418e-10	8.768e-10	0.00499724
8.72418e-10	8.77737e-10	0.00605914
8.72418e-10	8.78673e-10	0.00711878
8.72418e-10	8.7961e-10	0.00817616
8.72418e-10	8.80547e-10	0.00923129
8.72418e-10	8.81484e-10	0.0102842
8.72418e-10	8.82421e-10	0.0113348
8.72418e-10	8.83357e-10	0.0123833
8.72418e-10	8.84294e-10	0.0134295
8.72418e-10	8.85231e-10	0.0144735
8.72418e-10	8.86168e-10	0.0155152
8.72418e-10	8.87104e-10	0.0165548
8.72418e-10	8.88041e-10	0.0175922
8.72418e-10	8.88978e-10	0.0186274
8.72418e-10	8.89915e-10	0.0196604
8.72418e-10	8.90851e-10	0.0206913
8.72418e-10	8.91788e-10	0.02172
8.72418e-10	8.92725e-10	0.0227465
8.72418e-10	8.93662e-10	0.0237709
8.72418e-10	8.94598e-10	0.0247931
8.72418e-10	8.95535e-10	0.0258132
8.72418e-10	8.96472e-10	0.0268312
8.72418e-10	8.97409e-10	0.027847
8.72418e-10	8.98345e-10	0.0288607
8.72418e-10	8.99282e-10	0.0298723
8.72418e-10	9.00219e-10	0.0308818
8.72418e-10	9.01156e-10	0.0318892
8.72418e-10	9.02092e-10	0.0328945
8.72418e-10	9.03029e-10	0.0338977
8.72418e-10	9.03966e-10	0.0348989
8.72418e-10	9.04903e-10	0.0358979
8.72418e-10	9.05839e-10	0.0368949
8.72418e-10	9.06776e-10	0.0378899
8.72418e-10	9.07713e-10	0.0388828
8.72418e-10	9.0865e-10	0.0398736
8.72418e-10	9.09586e-10	0.0408624
8.72418e-10	9.10523e-10	0.0418492
8.72418e-10	9.1146e-10	0.0428339
8.72418e-10	9.12397e-10	0.0438166
8.72418e-10	9.13333e-10	0.0447973
8.72418e-10	9.1427e-10	0.045776
8.72418e-10	9.15207e-10	0.0467527
8.72418e-10	9.16144e-10	0.0477274
8.72418e-10	9.1708e-10	0.0487001
8.72418e-10	9.18017e-10	0.0496708
8.72418e-10	9.18954e-10	0.0506396
8.72418e-10	9.19891e-10	0.0516063
8.72418e-10	9.20827e-10	0.0525711
8.72418e-10	9.21764e-10	0.053534
8.72418e-10	9.22701e-10	0.0544948
8.72418e-10	9.23638e-10	0.0554538
8.72418e-10	9.24574e-10	0.0564108
8.72418e-10	9.25511e-10	0.0573658
8.72418e-10	9.26448e-10	0.0583189
9.81471e-10	9.27385e-10	0.0583211
9.81471e-10	9.28321e-10	0.0572532
9.81471e-10	9.29258e-10	0.0561874
9.81471e-10	9.30195e-10	0.0551237
9.81471e-10	9.31132e-10	0.0540622
9.81471e-10	9.32068e-10	0.0530029
9.81471e-10	9.33005e-10	0.0519457
9.81471e-10	9.33942e-10	0.0508905
9.81471e-10	9.34879e-10	0.0498375
9.81471e-10	9.35815e-10	0.0487867
9.81471e-10	9.36752e-10	0.0477379
