   7.26e-07   4.067e-06   2.056e-06
   3.09e-07   1.546e-06   1.015e-06
   6.32e-07   1.149e-06    5.35e-07
  1.958e-06   2.731e-06    8.71e-07
 1.0082e-05   6.309e-06   2.813e-06
 6.0077e-05  3.4584e-05   4.032e-06
0.000129071  9.7625e-05   5.046e-06
0.000513994 0.000431131  1.4288e-05
 0.00148339  0.00215375  4.0083e-05
 0.00852205   0.0137231 0.000384447
  0.0207169   0.0788269 0.000620576
  0.0656088    0.432868  0.00269852
   0.260791     3.13281   0.0137132
    1.12241     20.7914   0.0494444
