#n 	 inv 	 fullpiv 	 partialpiv 	 A_to_B 	 A_to_C 	 B_to_C 
1	6.6894e-05	1.0437e-05	4.223e-06
2	4.61e-06	3.716e-06	1.525e-06
3	4.048e-06	3.175e-06	1.505e-06
4	4.409e-06	3.696e-06	1.725e-06
5	5.007e-06	4.381e-06	1.97e-06
6	5.746e-06	4.764e-06	2.136e-06
7	4.285e-06	3.456e-06	1.792e-06
8	4.082e-06	3.671e-06	1.835e-06
9	5.057e-06	5.104e-06	2.112e-06
10	8.615e-06	4.951e-06	2.405e-06
11	6.13e-06	5.511e-06	2.646e-06
12	7.996e-06	5.417e-06	2.73e-06
13	1.2503e-05	6.922e-06	3.266e-06
14	1.0291e-05	7.236e-06	3.306e-06
15	9.608e-06	8.232e-06	3.752e-06
16	1.1143e-05	7.744e-06	3.498e-06
17	1.8015e-05	9.659e-06	5.687e-06
18	1.2281e-05	9.911e-06	5.539e-06
19	1.3617e-05	1.1102e-05	6.111e-06
20	1.5344e-05	1.0201e-05	5.802e-06
21	1.4641e-05	1.2796e-05	7.04e-06
22	1.8494e-05	1.3535e-05	7.285e-06
23	1.9181e-05	1.5559e-05	7.668e-06
24	1.6569e-05	1.4275e-05	7.312e-06
25	1.9609e-05	1.7366e-05	8.819e-06
26	2.5016e-05	1.784e-05	9.094e-06
27	2.4993e-05	2.0209e-05	1.0093e-05
28	2.4354e-05	1.8678e-05	9.337e-06
29	2.9019e-05	2.3216e-05	1.1075e-05
30	2.6001e-05	2.323e-05	1.1206e-05
31	2.8165e-05	2.5882e-05	1.2126e-05
32	3.2914e-05	2.3349e-05	1.1011e-05
33	3.0495e-05	2.888e-05	1.3765e-05
34	3.1892e-05	2.868e-05	1.3578e-05
35	4.1795e-05	3.1939e-05	1.5187e-05
36	3.5912e-05	3.5463e-05	7.111e-05
37	8.8729e-05	8.1643e-05	6.595e-05
38	5.5794e-05	3.8443e-05	1.677e-05
39	5.5464e-05	4.0729e-05	1.815e-05
40	3.9338e-05	3.6974e-05	1.5489e-05
41	4.5312e-05	4.3525e-05	1.8803e-05
42	5.6503e-05	4.5122e-05	1.9568e-05
43	5.0848e-05	7.3406e-05	2.2161e-05
44	4.7755e-05	4.4525e-05	1.9081e-05
45	5.6844e-05	5.3073e-05	2.2399e-05
46	6.4301e-05	5.4626e-05	2.2609e-05
47	5.9962e-05	5.7301e-05	2.4899e-05
48	5.8936e-05	5.5017e-05	2.202e-05
49	6.3096e-05	6.4429e-05	2.5962e-05
50	0.00016187	0.000106744	4.7901e-05
51	0.000165525	0.000120783	3.4576e-05
52	7.1337e-05	6.575e-05	2.5656e-05
53	8.8515e-05	7.6381e-05	2.9957e-05
54	7.7529e-05	7.7774e-05	3.0078e-05
55	0.000154797	8.5787e-05	3.418e-05
56	0.000134014	0.000125489	6.7241e-05
57	0.000146745	0.00014375	3.7365e-05
58	0.000108183	0.000150519	5.8108e-05
59	0.000183225	0.000155616	6.3721e-05
60	0.000155687	0.000161108	5.4239e-05
61	0.000214429	0.000157652	6.4937e-05
62	0.000215672	0.000142344	6.1666e-05
63	0.000183601	0.000141204	4.8539e-05
64	0.000168637	0.00010891	4.5138e-05
65	0.000116063	0.000123823	4.552e-05
66	0.000123892	0.00012504	4.455e-05
67	0.000126068	0.000130711	4.8652e-05
68	0.000193497	0.000204849	7.1958e-05
69	0.000260466	0.000219606	7.3068e-05
70	0.000137295	0.000145793	5.4727e-05
71	0.000195882	0.00015308	5.568e-05
72	0.000190943	0.000144874	4.8158e-05
73	0.000151719	0.000163802	5.5852e-05
74	0.000149246	0.000161468	5.5094e-05
75	0.000159346	0.000171744	5.9563e-05
76	0.00027786	0.000167804	5.7008e-05
77	0.000162418	0.000184079	6.1313e-05
78	0.00016577	0.000184546	6.1582e-05
79	0.000259791	0.000242995	7.1118e-05
80	0.000172948	0.000192624	6.0389e-05
81	0.000214531	0.000238714	7.0934e-05
82	0.000276302	0.000209447	6.8615e-05
83	0.000198584	0.000220468	7.358e-05
84	0.000184973	0.000213803	6.5558e-05
85	0.000311141	0.000237867	7.5093e-05
86	0.000205907	0.000235184	7.4457e-05
87	0.000253945	0.000299346	0.000103174
88	0.00036513	0.000239955	7.4074e-05
89	0.000254447	0.000560169	0.000144029
90	0.000531311	0.00040804	0.000155526
91	0.000477537	0.000277413	8.9577e-05
92	0.000235139	0.000267424	7.9221e-05
93	0.000252046	0.000314772	0.000167373
94	0.000371148	0.000295509	8.9848e-05
95	0.000265744	0.000310516	9.4625e-05
96	0.000376234	0.000299618	8.961e-05
97	0.000271365	0.000330301	9.7688e-05
98	0.000278048	0.00032546	9.7638e-05
99	0.000428775	0.000378389	0.000107218
100	0.000296238	0.000417297	0.000203235
101	0.000305655	0.00036293	0.000105339
102	0.000455306	0.000366472	0.000107515
103	0.000328804	0.000382904	0.000113957
104	0.000434426	0.000367079	0.000103077
105	0.000323623	0.000431702	0.000115784
106	0.000472372	0.00040196	0.000116718
107	0.000508349	0.000450086	0.00012384
108	0.000353435	0.000448	0.000113092
109	0.000503044	0.000450283	0.000124691
110	0.000365053	0.000441934	0.000124246
111	0.000534878	0.000547116	0.000158192
112	0.000390947	0.00045007	0.00012112
113	0.000373816	0.000574862	0.000142504
114	0.000577598	0.000488974	0.000136121
115	0.000407578	0.000506365	0.00014219
116	0.000546116	0.000489006	0.000128819
117	0.000409099	0.000569425	0.000145782
118	0.000602404	0.000718847	0.000149147
119	0.000436784	0.000551314	0.000292567
120	0.000607819	0.000538862	0.000142262
121	0.000437939	0.000575949	0.000156286
122	0.000692417	0.000576606	0.000157349
123	0.000470784	0.000627939	0.00017122
124	0.000633891	0.000584367	0.000148785
125	0.000476136	0.000627502	0.000167492
126	0.000701227	0.000628201	0.000167222
127	0.000498186	0.000651072	0.000172098
128	0.000760757	0.000669663	0.000198162
129	0.000519227	0.000710817	0.000175493
130	0.000748973	0.000685023	0.000176571
131	0.000550029	0.000780731	0.00019484
132	0.000912263	0.00073108	0.000176462
133	0.00056405	0.000737734	0.000187126
134	0.000809651	0.000808097	0.000266004
135	0.000577927	0.000768365	0.000196543
136	0.000786817	0.000751706	0.000182886
137	0.000583802	0.000815949	0.000208563
138	0.000835315	0.000801739	0.000198939
139	0.000631331	0.000838559	0.000209947
140	0.000927216	0.000815859	0.00019445
141	0.000650677	0.000865272	0.000213367
142	0.000909593	0.000876262	0.000221219
143	0.000721682	0.000930892	0.000222665
144	0.000936965	0.00095832	0.000212831
145	0.0011189	0.00104276	0.000263813
146	0.000823134	0.00100321	0.000240715
147	0.00115448	0.0010045	0.00029814
148	0.000686864	0.000947803	0.000221326
149	0.000998935	0.00105303	0.000248387
150	0.00072795	0.00112122	0.000251786
151	0.00106174	0.00117179	0.000260158
152	0.00103854	0.00102397	0.000238025
153	0.000778937	0.00111887	0.000300276
154	0.00108332	0.00112281	0.000267046
155	0.00082952	0.00112847	0.000269203
156	0.00104502	0.00109575	0.000246876
157	0.00111884	0.00117374	0.000313077
158	0.000866433	0.00117961	0.000272461
159	0.00118329	0.00120007	0.000284222
160	0.00113988	0.00122869	0.000283897
161	0.000864517	0.00135598	0.000294867
162	0.00120013	0.00123776	0.000288123
163	0.000915645	0.00152195	0.000327183
164	0.00161126	0.00139769	0.000292789
165	0.00125684	0.00139841	0.000317456
166	0.00100323	0.00149011	0.000316727
167	0.00129401	0.0013885	0.000323834
168	0.00127932	0.00136034	0.000304805
169	0.000966723	0.00155154	0.000339008
170	0.00135781	0.00142354	0.000337713
171	0.00148213	0.00157713	0.000390624
172	0.000967258	0.00145083	0.000312393
173	0.00138272	0.00152167	0.00034291
174	0.00151453	0.00158487	0.000350905
175	0.00107191	0.0016233	0.00036922
176	0.00139113	0.00167754	0.0003545
177	0.00152144	0.00161223	0.00036611
178	0.00108918	0.00160623	0.000358035
179	0.00151766	0.00170859	0.000384176
180	0.00151511	0.00166133	0.000347625
181	0.00119855	0.00179623	0.00039424
182	0.00159999	0.00177381	0.000378936
183	0.0016241	0.00194289	0.000427036
184	0.00154289	0.00194118	0.00038853
185	0.00134373	0.00205994	0.000414507
186	0.00162637	0.00191489	0.000401604
187	0.00166976	0.00233708	0.000472341
188	0.00167707	0.00234325	0.000398127
189	0.00129912	0.00208745	0.000438079
190	0.00176245	0.00204638	0.00042212
191	0.00175811	0.00206184	0.00043868
192	0.00181305	0.00214212	0.00047424
193	0.0013539	0.00215749	0.000459203
194	0.00179842	0.00219046	0.000459657
195	0.00187005	0.0022466	0.000488066
196	0.00183252	0.00218421	0.000460409
197	0.0014483	0.0023177	0.000530445
198	0.00189521	0.00237031	0.000466329
199	0.00195114	0.00237169	0.000486884
200	0.00189137	0.00247345	0.000469643
201	0.00148338	0.00241167	0.000484553
202	0.00200826	0.00240752	0.000489038
203	0.00224021	0.00321482	0.000539569
204	0.00197436	0.00258691	0.000631677
205	0.0022639	0.00289082	0.000754783
206	0.00160766	0.00262722	0.000514917
207	0.00227262	0.00295041	0.000567608
208	0.00209447	0.00288405	0.000533429
209	0.00217257	0.00306893	0.000550898
210	0.0022725	0.00274859	0.00053699
211	0.00170768	0.00296038	0.00057834
212	0.00286375	0.00342243	0.000618269
213	0.00365734	0.003383	0.000576382
214	0.00390799	0.00385807	0.00059391
215	0.00235337	0.00304568	0.000618252
216	0.00253133	0.00313667	0.000547308
217	0.00180601	0.00317865	0.000589052
218	0.00239456	0.00364778	0.000597698
219	0.00255597	0.00320397	0.000714222
220	0.00241389	0.00338884	0.00065399
221	0.00248379	0.00333209	0.000616643
222	0.00270543	0.00353426	0.000632986
223	0.00255641	0.00353172	0.000643637
224	0.00266814	0.00353936	0.0007417
225	0.00209119	0.00376435	0.000687482
226	0.00267907	0.00379451	0.000691109
227	0.00266228	0.00360506	0.000693955
228	0.00260746	0.00366776	0.000625506
229	0.00277704	0.00403208	0.000694927
230	0.00269957	0.00401512	0.000701016
231	0.00312725	0.0040498	0.000706784
232	0.00280115	0.00397489	0.000669271
233	0.00283333	0.00415129	0.000728094
234	0.00223616	0.00413266	0.000738932
235	0.00298601	0.00419519	0.000742701
236	0.00285259	0.00427825	0.000696463
237	0.00306137	0.00446443	0.000782641
238	0.0032003	0.00424929	0.000727067
239	0.00302145	0.00444808	0.000931299
240	0.0031609	0.00432006	0.000749626
241	0.00336019	0.00461748	0.000856493
242	0.00329812	0.0044754	0.000795485
243	0.00349799	0.00457939	0.000794058
244	0.00311831	0.0049324	0.000781923
245	0.00315988	0.00478516	0.000818318
246	0.00340764	0.00517058	0.00083532
247	0.00353801	0.00470674	0.00101359
248	0.00313368	0.00470912	0.000802208
249	0.0032428	0.0051379	0.000861248
250	0.00331092	0.00494057	0.000863983
251	0.00358411	0.00510599	0.000881418
252	0.00330687	0.00537904	0.000858143
253	0.00346015	0.00503065	0.000927848
254	0.00377097	0.00502616	0.000883219
255	0.00364319	0.00552244	0.00103408
256	0.00420747	0.00583332	0.00127566
257	0.00388956	0.00536889	0.00090344
258	0.00383011	0.00563855	0.000889065
259	0.00414427	0.00584656	0.000964021
260	0.00358617	0.0055697	0.0009404
261	0.0038141	0.00579583	0.000933681
262	0.00404536	0.00595438	0.000953145
263	0.0039559	0.00599068	0.000931958
264	0.00378878	0.00564465	0.000878612
265	0.0055825	0.00584607	0.000920705
266	0.00414981	0.0059929	0.00096425
267	0.00392541	0.00623446	0.00106611
268	0.00387578	0.00654901	0.000958379
269	0.00416999	0.00664159	0.00103183
270	0.0040204	0.00627885	0.000964868
271	0.00459025	0.00817257	0.00108231
272	0.00418096	0.00683539	0.000984158
273	0.0042326	0.00669958	0.00113265
274	0.00432934	0.00663244	0.0010148
275	0.00442536	0.00724697	0.00104296
276	0.00431344	0.00648144	0.00101332
277	0.00426373	0.0068799	0.00109928
278	0.00444023	0.00686634	0.00110596
279	0.00484467	0.00703651	0.00111079
280	0.00424512	0.00717728	0.0010203
281	0.00439646	0.00913278	0.00188681
282	0.0067656	0.00895267	0.00107924
283	0.00726612	0.00731816	0.00111958
284	0.00613909	0.00878578	0.0010514
285	0.00552306	0.0087176	0.0012737
286	0.00496335	0.00954618	0.00125496
287	0.00524653	0.00744285	0.00117817
288	0.0046877	0.00771549	0.00119593
289	0.0046904	0.00801187	0.00118014
290	0.00494995	0.00838279	0.00125294
291	0.00494869	0.00841374	0.00118884
292	0.0048955	0.00768614	0.00116536
293	0.00520551	0.00791916	0.00124619
294	0.00493314	0.00811781	0.00120049
295	0.0051872	0.00811578	0.00123498
296	0.00486326	0.00826311	0.00117669
297	0.00626253	0.00834111	0.0012773
298	0.0051344	0.00856855	0.00143067
299	0.00526639	0.00873728	0.0012944
300	0.0051081	0.00876774	0.00129331
301	0.00523173	0.00881028	0.00128292
302	0.00547814	0.00916959	0.00127823
303	0.00535305	0.0091812	0.00148409
304	0.00528048	0.00958724	0.00141514
305	0.00555617	0.00936653	0.00140958
306	0.00611569	0.0126274	0.00253333
307	0.00592111	0.00993438	0.00155177
308	0.0055545	0.00946684	0.00129954
309	0.00558749	0.00968705	0.00137151
310	0.00594611	0.00958428	0.00140653
311	0.00686098	0.00959981	0.00160672
312	0.00585944	0.00956706	0.00140483
313	0.00561498	0.0098373	0.00157024
314	0.00589682	0.00980434	0.0014151
315	0.00622236	0.0105944	0.00157753
316	0.00634808	0.0096725	0.00159293
317	0.00596065	0.0101768	0.0015211
318	0.00610029	0.0102151	0.00145521
319	0.00624047	0.0131439	0.00149272
320	0.0096071	0.0130998	0.0015899
321	0.00673697	0.0107107	0.00155108
322	0.00800703	0.0112761	0.0015864
323	0.00661377	0.0112901	0.00160297
324	0.00661334	0.0108905	0.00156888
325	0.0066638	0.011125	0.00160979
326	0.00643451	0.0111297	0.00161783
327	0.00679209	0.0111012	0.00160158
328	0.00639559	0.0135249	0.00177052
329	0.00833621	0.0130002	0.00160269
330	0.0094022	0.0127076	0.0019651
331	0.00853991	0.0117983	0.00171073
332	0.00638926	0.0113282	0.0015815
333	0.00693194	0.0117406	0.00192581
334	0.00687182	0.0117454	0.00166907
335	0.00700523	0.0119254	0.00182862
336	0.00703023	0.0119564	0.00171089
337	0.00711779	0.012281	0.00182782
338	0.0077942	0.0129753	0.0017252
339	0.00819384	0.0125199	0.0017743
340	0.00797751	0.0128124	0.00185723
341	0.00798948	0.0129065	0.00199337
342	0.00786274	0.0140848	0.00179867
343	0.00742787	0.0130079	0.00206895
344	0.00720275	0.0127985	0.00193428
345	0.00805818	0.0135225	0.00181949
346	0.00755065	0.0130358	0.00182039
347	0.00788192	0.014807	0.00266179
348	0.010974	0.0143364	0.00190631
349	0.00868828	0.0143615	0.00249282
350	0.00820062	0.0139715	0.00199286
351	0.00816847	0.0144169	0.00239369
352	0.00853968	0.0146498	0.00213869
353	0.00831085	0.0145444	0.00199949
354	0.00792014	0.0141106	0.00191521
355	0.00847978	0.0142326	0.00197021
356	0.00777146	0.014264	0.00192416
357	0.00863207	0.0145098	0.00199345
358	0.00879941	0.0147482	0.00199584
359	0.00871054	0.0153283	0.00219183
360	0.00833262	0.0159989	0.00213513
361	0.00820233	0.0148761	0.00204113
362	0.00888632	0.0149692	0.00217902
363	0.00915608	0.0154196	0.0023183
364	0.00889001	0.0174289	0.00214296
365	0.0114795	0.0158689	0.00211188
366	0.0091245	0.015759	0.00245032
367	0.00866146	0.0156271	0.00236347
368	0.00865711	0.0161604	0.00250481
369	0.00990332	0.0165331	0.00221649
370	0.00890339	0.0159602	0.00231932
371	0.00912438	0.0168192	0.00240367
372	0.00888129	0.0159371	0.00214691
373	0.00936755	0.0174845	0.00220428
374	0.00926044	0.0170921	0.0022059
375	0.0102738	0.0172172	0.00236776
376	0.0106505	0.0185149	0.00245408
377	0.0100096	0.0180062	0.00237907
378	0.00965305	0.0173981	0.00247878
379	0.00951383	0.0184724	0.00265559
380	0.0114048	0.0197528	0.00439851
381	0.0101301	0.0186788	0.0029242
382	0.0111411	0.0181067	0.00283588
383	0.0125752	0.019436	0.00273555
384	0.0124506	0.0183301	0.00257776
385	0.00997252	0.0180152	0.00234346
386	0.00964454	0.0181395	0.0025609
387	0.0102007	0.019031	0.00241236
388	0.0101692	0.018318	0.00245483
389	0.0100554	0.0188752	0.0026906
390	0.0104751	0.0188802	0.00264163
391	0.0103035	0.0190639	0.00264407
392	0.0101465	0.0188639	0.00260861
393	0.0109204	0.0203291	0.00248629
394	0.0106396	0.0193257	0.00254628
395	0.0109036	0.0194708	0.00267325
396	0.0103455	0.0203063	0.00252155
397	0.0120637	0.0208377	0.00258566
398	0.0115204	0.0197741	0.0025541
399	0.0105747	0.02004	0.00267159
400	0.0107241	0.0201662	0.00276656
401	0.0113273	0.0206939	0.00277542
402	0.0106871	0.0206397	0.00306697
403	0.0134695	0.0239955	0.00285047
404	0.0141465	0.0206557	0.00284953
405	0.0161687	0.0279138	0.00270342
406	0.0187989	0.024193	0.00290167
407	0.0127827	0.0250789	0.00294034
408	0.0118058	0.0216413	0.00279466
409	0.0123774	0.0230899	0.00302806
410	0.0127009	0.0240194	0.00327196
411	0.013084	0.0305421	0.00399487
412	0.0145107	0.02322	0.00303264
413	0.0129503	0.0243348	0.00335569
414	0.015788	0.0249036	0.00356583
415	0.0179867	0.0230882	0.00365671
416	0.0132636	0.0229736	0.00334527
417	0.0119613	0.02301	0.00297928
418	0.01247	0.0234477	0.00328073
419	0.0127649	0.023149	0.00307082
420	0.0122015	0.023858	0.00314341
421	0.012892	0.023901	0.00357255
422	0.0123184	0.0256557	0.00304059
423	0.0148572	0.0244911	0.00363764
424	0.0120289	0.024575	0.00300819
425	0.0165823	0.0290149	0.00422521
426	0.0144817	0.0311366	0.0035082
427	0.0135904	0.0245115	0.00370363
428	0.0127121	0.0250717	0.00321469
429	0.0126593	0.0252357	0.00318006
430	0.0134201	0.0262186	0.00335203
431	0.013663	0.0254855	0.00339369
432	0.0133459	0.0253912	0.00320373
433	0.013955	0.0257599	0.00349203
434	0.0133762	0.0263326	0.00454012
435	0.0143016	0.0260549	0.0036796
436	0.0140772	0.0261956	0.00367234
437	0.0139291	0.0265613	0.00354906
438	0.0138289	0.0264731	0.00365528
439	0.0146803	0.0269017	0.00367857
440	0.0136699	0.0268387	0.00330479
441	0.0137079	0.0267037	0.0036062
442	0.0139842	0.0286919	0.00336595
443	0.0144187	0.0279724	0.00365887
444	0.0142207	0.0285296	0.0035395
445	0.0148687	0.0277707	0.00348169
446	0.0145364	0.0290007	0.00368977
447	0.0149941	0.0287122	0.00384319
448	0.0174799	0.0288701	0.00372717
449	0.0156019	0.0287238	0.00386543
450	0.0162936	0.0289825	0.00442177
451	0.0157018	0.0295804	0.00362009
452	0.0152435	0.0383405	0.00366738
453	0.0150701	0.0311491	0.00392785
454	0.0146742	0.0293239	0.00370735
455	0.0153113	0.0326936	0.00374013
456	0.0149328	0.0298047	0.00383345
457	0.0157143	0.0300059	0.00420981
458	0.0155936	0.0303001	0.0038613
459	0.0162143	0.0307022	0.00404607
460	0.0150642	0.0308494	0.00393385
461	0.0156628	0.0316056	0.00396255
462	0.0171006	0.0317442	0.00399767
463	0.0170084	0.0317128	0.00425531
464	0.0166379	0.0316479	0.00406282
465	0.015694	0.0323706	0.00748934
466	0.0238224	0.0352177	0.00468467
467	0.018276	0.0560028	0.00433992
468	0.0185451	0.0515014	0.00824796
469	0.0319365	0.048755	0.0043781
470	0.0181497	0.0382719	0.00601124
471	0.0194999	0.0430999	0.00456081
472	0.0234492	0.0537341	0.00546981
473	0.0234746	0.0422809	0.00514115
474	0.0348365	0.0816318	0.0108913
475	0.033724	0.0507184	0.00616541
476	0.0197873	0.0397917	0.0058968
477	0.0248888	0.0676999	0.00444258
478	0.0172943	0.0350569	0.00439068
479	0.0172628	0.0346276	0.00477045
480	0.0238737	0.0490127	0.0058473
481	0.0343784	0.0480187	0.00581655
482	0.0283687	0.0517952	0.00574879
483	0.0225415	0.0441107	0.0066009
484	0.0287113	0.0568364	0.0187892
485	0.0272928	0.0525788	0.00480765
486	0.0237507	0.0591804	0.00859899
487	0.0245839	0.0550637	0.0069868
488	0.0232945	0.0552152	0.00723879
489	0.0226668	0.0660721	0.00577031
490	0.0221433	0.0648008	0.0102866
491	0.0243944	0.0510832	0.0059963
492	0.0404702	0.153243	0.00760842
493	0.0256031	0.0483681	0.00738848
494	0.0400157	0.0849988	0.0104927
495	0.0253092	0.0715565	0.00506574
496	0.0304208	0.0611612	0.00707415
497	0.0297782	0.0516576	0.00490012
498	0.0259595	0.0397019	0.00589971
499	0.0200528	0.0409575	0.00511933
500	0.0200147	0.0460028	0.010147
501	0.045486	0.0884368	0.00541434
502	0.028484	0.0524797	0.00531881
503	0.0265029	0.0491299	0.00901292
504	0.0238766	0.0498701	0.00682693
505	0.0240384	0.0509824	0.0173027
506	0.024992	0.0451301	0.00546858
507	0.021929	0.0422009	0.00545804
508	0.0195189	0.0416627	0.00499239
509	0.0217498	0.0415404	0.00557634
510	0.0212562	0.0411524	0.00531881
511	0.0237108	0.0430623	0.00622496
512	0.0260513	0.0463412	0.00889222
513	0.02642	0.0471156	0.00730532
514	0.0224112	0.043369	0.00599587
515	0.0246169	0.0462024	0.0066489
516	0.0220976	0.0508692	0.00592631
517	0.0262162	0.0503079	0.00683594
518	0.0234285	0.0488492	0.00559813
519	0.0236491	0.0452146	0.00576379
520	0.022378	0.0513112	0.00723679
521	0.0245671	0.0540452	0.00746558
522	0.0244599	0.0515778	0.00661471
523	0.0239925	0.0477001	0.00642818
524	0.0230063	0.0483828	0.00611935
525	0.0228857	0.046812	0.00559629
526	0.0231106	0.0477675	0.0058768
527	0.0239378	0.0483792	0.00554933
528	0.0229309	0.0490676	0.0059967
529	0.023652	0.0508416	0.0076514
530	0.0251603	0.048792	0.00612054
531	0.0233886	0.0498681	0.00655517
532	0.0236347	0.047725	0.00629321
533	0.0232572	0.0492853	0.00592436
534	0.0235125	0.0493303	0.00623815
535	0.0237816	0.0526711	0.00628827
536	0.0238596	0.0506719	0.00638251
537	0.0246029	0.0520884	0.00636861
538	0.0248823	0.0592204	0.00714856
539	0.0294216	0.0630599	0.00740869
540	0.0257816	0.0612811	0.00674719
541	0.0257578	0.0539227	0.0068952
542	0.0248817	0.0523037	0.00641926
543	0.0250389	0.0562018	0.00695742
544	0.0255801	0.0607812	0.00862262
545	0.0274492	0.0697464	0.00753378
546	0.0291287	0.0573409	0.00668903
547	0.0315419	0.0616555	0.00655735
548	0.0241054	0.053712	0.00665123
549	0.0259494	0.0543745	0.00673598
550	0.0284138	0.056096	0.0069048
551	0.0273695	0.0524078	0.00649672
552	0.0282479	0.0696851	0.00641646
553	0.0268962	0.0560487	0.00670305
554	0.0330841	0.0709079	0.00735168
555	0.0284934	0.0594044	0.00686592
556	0.025762	0.0580575	0.00682121
557	0.0290786	0.0565333	0.00684611
558	0.0267216	0.0579868	0.0065364
559	0.0272216	0.0583269	0.00834058
560	0.0274521	0.0589699	0.00693086
561	0.0292442	0.0699391	0.00787663
562	0.0374437	0.0908919	0.00747557
563	0.0295099	0.099163	0.00940649
564	0.0286134	0.0589615	0.00772471
565	0.0311028	0.091611	0.0074061
566	0.0267674	0.0598161	0.00745395
567	0.0294495	0.0733712	0.016753
568	0.0407081	0.0770625	0.0109414
569	0.0356452	0.085404	0.011376
570	0.0394434	0.0881199	0.0106253
571	0.0359719	0.133618	0.00950011
572	0.0514691	0.0869092	0.0105102
573	0.0853706	0.153519	0.0088478
574	0.0309824	0.153122	0.0209886
575	0.0804009	0.226909	0.0253415
576	0.133227	0.205753	0.0254747
577	0.132911	0.239778	0.0149255
578	0.155572	0.463447	0.0164171
579	0.218819	0.375251	0.0234729
580	0.0522883	0.13643	0.0109229
581	0.0445003	0.101229	0.0119942
582	0.0538542	0.0895433	0.0319653
583	0.098791	0.134811	0.0123413
584	0.0527682	0.155464	0.0125078
585	0.0383252	0.128224	0.0125915
586	0.0357509	0.149969	0.0221621
587	0.0826293	0.106461	0.00891255
588	0.0342657	0.081001	0.0105244
589	0.0353728	0.0799188	0.00966137
590	0.0656956	0.167305	0.0115135
591	0.0361321	0.0736028	0.00785708
592	0.0316925	0.0743979	0.00901627
593	0.0320269	0.0720468	0.00855055
594	0.0419188	0.173184	0.0168227
595	0.059385	0.132584	0.0138999
596	0.0537176	0.158532	0.0160006
597	0.0533825	0.127735	0.0140256
598	0.0482977	0.130782	0.0145715
599	0.0341838	0.0773869	0.00817038
600	0.0336661	0.0727892	0.00853152
601	0.0810254	0.140534	0.0100444
602	0.0392746	0.107901	0.0101335
603	0.0844141	0.138701	0.0112058
604	0.0375168	0.0844361	0.0127129
605	0.0427441	0.0990132	0.00924283
606	0.0707219	0.154346	0.010595
607	0.0378316	0.198107	0.0186404
608	0.0660147	0.132328	0.0141709
609	0.0982808	0.331219	0.0145946
610	0.0790299	0.125972	0.0388962
611	0.0678091	0.18969	0.0209303
612	0.0485318	0.109989	0.017135
613	0.0531367	0.111596	0.0190222
614	0.102276	0.174043	0.0122814
615	0.0549673	0.121621	0.0103195
616	0.0463404	0.120486	0.055966
617	0.0660462	0.109232	0.0109745
618	0.0375742	0.0879264	0.0135506
619	0.0527515	0.136432	0.0144957
620	0.0584102	0.111537	0.0108119
621	0.0453446	0.114132	0.0106578
622	0.0391884	0.115424	0.0137134
623	0.0474942	0.112529	0.0118767
624	0.0553878	0.118447	0.0134915
625	0.0827267	0.196158	0.0124295
626	0.0460939	0.185292	0.0133198
627	0.0517488	0.148446	0.0146979
628	0.0553996	0.172258	0.0107536
629	0.0517828	0.127107	0.0112091
630	0.0576868	0.141493	0.0117621
631	0.0524237	0.1419	0.0116442
632	0.11934	0.156009	0.0107756
633	0.0600558	0.175159	0.0115325
634	0.0428407	0.109679	0.0138686
635	0.0478404	0.164579	0.0157373
636	0.0417988	0.0909233	0.010713
637	0.0411433	0.112618	0.0105566
638	0.0431713	0.106309	0.0125647
639	0.0446154	0.104209	0.0116063
640	0.0434785	0.0988053	0.0111741
641	0.0383093	0.0997483	0.0110028
642	0.0404818	0.0963073	0.010896
643	0.0413875	0.0980168	0.0108345
644	0.0464224	0.111666	0.0103626
645	0.0427741	0.097067	0.011143
646	0.0414657	0.104679	0.0113918
647	0.042605	0.124219	0.0112471
648	0.040622	0.101622	0.0122617
649	0.0427454	0.104243	0.0116994
650	0.0405513	0.101647	0.0108825
651	0.0408388	0.10288	0.0117016
652	0.0414841	0.105649	0.0113274
653	0.0430723	0.107853	0.0106409
654	0.120154	0.134734	0.0116073
655	0.0435987	0.118744	0.0171978
656	0.0477454	0.109793	0.0109952
657	0.0475163	0.114484	0.0111392
658	0.0946498	0.155136	0.0119087
659	0.0414087	0.106413	0.0110678
660	0.0446253	0.111274	0.0117338
661	0.0847027	0.173209	0.0118944
662	0.0416339	0.110862	0.0112949
663	0.0442192	0.108933	0.0112411
664	0.0413691	0.10703	0.0112384
665	0.0442658	0.113814	0.0115921
666	0.0427085	0.111526	0.0116716
667	0.043909	0.111535	0.0134144
668	0.0439814	0.115429	0.0113882
669	0.0432885	0.109104	0.0110501
670	0.0448584	0.113892	0.0126163
671	0.0498765	0.113428	0.0118838
672	0.0468877	0.116539	0.01168
673	0.0460358	0.118672	0.0122816
674	0.0446405	0.123028	0.0115083
675	0.046786	0.116247	0.0127417
676	0.0465929	0.116007	0.011877
677	0.0468521	0.117317	0.0119704
678	0.0457638	0.121042	0.0127232
679	0.0462502	0.11682	0.0121593
680	0.0465548	0.121972	0.0139611
681	0.0465401	0.121259	0.0122212
682	0.0464223	0.125375	0.0127263
683	0.0490227	0.127206	0.0132582
684	0.0477257	0.122409	0.0125454
685	0.0462769	0.120937	0.0141965
686	0.0486668	0.125088	0.0132992
687	0.0465979	0.123653	0.0127447
688	0.0471203	0.131206	0.0128506
689	0.0481408	0.124329	0.0133453
690	0.0490207	0.132523	0.0128962
691	0.0478419	0.125125	0.0132896
692	0.0487904	0.127162	0.0129381
693	0.0490431	0.132903	0.0133175
694	0.0479427	0.128878	0.0133878
695	0.0530046	0.132326	0.014203
696	0.0471918	0.129416	0.0141753
697	0.0515303	0.134672	0.0150625
698	0.0959964	0.192382	0.0133676
699	0.0494411	0.137559	0.013723
700	0.0481788	0.131463	0.0132309
701	0.0507762	0.134478	0.013419
702	0.0509325	0.135148	0.0136931
703	0.0524308	0.131655	0.0127559
704	0.0525284	0.138961	0.0142273
705	0.0975093	0.186984	0.0159986
706	0.0513712	0.144191	0.0140304
707	0.0536427	0.137973	0.013951
708	0.0539964	0.145467	0.0124326
709	0.105061	0.188975	0.0140132
710	0.0521159	0.144717	0.0133171
711	0.0532779	0.139945	0.0138073
712	0.0543262	0.14551	0.0139414
713	0.0534275	0.146743	0.0138203
714	0.0550947	0.144657	0.0142598
715	0.0535498	0.143916	0.0143312
716	0.0542873	0.157495	0.01534
717	0.0570837	0.146267	0.0145347
718	0.0525507	0.154569	0.0147107
719	0.0537539	0.154958	0.0145248
720	0.102013	0.197475	0.0136912
721	0.0542746	0.150707	0.0144693
722	0.0548266	0.15484	0.0142585
723	0.0557369	0.172653	0.0159006
724	0.0592825	0.152761	0.0143922
725	0.0554141	0.155649	0.0144828
726	0.0570094	0.15959	0.0148286
727	0.10798	0.209805	0.0157037
728	0.0541853	0.157212	0.0152238
729	0.0565973	0.15942	0.0149221
730	0.0576118	0.154652	0.0163822
731	0.0588906	0.166504	0.0158853
732	0.0551093	0.153875	0.0146837
733	0.0567026	0.160723	0.0156229
734	0.0572306	0.156839	0.0146015
735	0.0591659	0.164535	0.0166965
736	0.0586641	0.162112	0.0153549
737	0.109488	0.206677	0.0163517
738	0.0589354	0.162209	0.0163393
739	0.06092	0.17	0.0155152
740	0.056599	0.164596	0.0163129
741	0.0591212	0.177534	0.0158194
742	0.0568762	0.169618	0.0155104
743	0.060148	0.166356	0.0157168
744	0.0594426	0.16809	0.015771
745	0.0621689	0.169904	0.0154061
746	0.06353	0.17837	0.0171245
747	0.0623389	0.187078	0.0157555
748	0.108217	0.214613	0.0158244
749	0.0606664	0.177298	0.016378
750	0.0617568	0.1786	0.0163492
751	0.0605009	0.176963	0.0174916
752	0.109407	0.216414	0.0158356
753	0.0616388	0.182386	0.0160131
754	0.0598009	0.177715	0.0157671
755	0.0628917	0.180854	0.0166165
756	0.060567	0.185221	0.0165913
757	0.0637071	0.183809	0.0168704
758	0.0598993	0.18902	0.0174613
759	0.0627589	0.187147	0.0170221
760	0.0619169	0.188932	0.0162014
761	0.0639194	0.182858	0.0173055
762	0.0633656	0.185244	0.0182206
763	0.0676767	0.191273	0.0182998
764	0.1147	0.22773	0.0169158
765	0.072467	0.192116	0.0169902
766	0.0654619	0.196205	0.0177805
767	0.0697848	0.186977	0.0190233
768	0.0747367	0.206914	0.0201359
769	0.0647721	0.198758	0.0187445
770	0.0687371	0.199751	0.017082
771	0.0669526	0.198057	0.0180189
772	0.0662498	0.197332	0.0187161
773	0.067284	0.193913	0.0184743
774	0.0671741	0.199912	0.019417
775	0.0651045	0.206435	0.0185874
776	0.0659595	0.208024	0.0175368
777	0.0680483	0.230824	0.0186582
778	0.0738945	0.20129	0.018867
779	0.0713213	0.205243	0.0178921
780	0.0750715	0.217529	0.0190982
781	0.0672718	0.210045	0.0181222
782	0.0691393	0.210676	0.0180969
783	0.070686	0.216459	0.0177997
784	0.070727	0.204177	0.0178816
785	0.0704468	0.216834	0.0184952
786	0.0690173	0.207774	0.0199053
787	0.0732582	0.207021	0.0194528
788	0.0692659	0.219044	0.0178175
789	0.0727067	0.206592	0.0212233
790	0.0747736	0.225583	0.0195969
791	0.0732047	0.220501	0.0186665
792	0.0692938	0.213358	0.0182883
793	0.0713509	0.229592	0.0184436
794	0.073284	0.222752	0.0200075
795	0.0727344	0.217563	0.0195574
796	0.0704078	0.220165	0.0177571
797	0.0725742	0.231977	0.0200992
798	0.0749904	0.221699	0.0197566
799	0.0728511	0.219016	0.0199455
800	0.0766272	0.231501	0.0206242
801	0.0722368	0.250319	0.021274
802	0.0916797	0.24079	0.0204289
803	0.0771304	0.224008	0.0226835
804	0.0769262	0.235223	0.0208521
805	0.080888	0.236506	0.0193587
806	0.128079	0.261468	0.0198991
807	0.0757911	0.228696	0.0230383
808	0.0769234	0.234923	0.0207862
809	0.0826359	0.233987	0.0218697
810	0.077289	0.229822	0.0215603
811	0.0791879	0.234972	0.0208424
812	0.0732529	0.237197	0.0203973
813	0.0769335	0.239058	0.0221042
814	0.0766168	0.239374	0.0197057
815	0.0796123	0.255614	0.0206505
816	0.0762713	0.245399	0.0206747
817	0.0913143	0.269191	0.0228857
818	0.0805865	0.243973	0.0258312
819	0.108772	0.23985	0.0198939
820	0.0766737	0.250451	0.0199117
821	0.0781071	0.250685	0.0209518
822	0.080021	0.246593	0.0210992
823	0.0799322	0.243092	0.0227649
824	0.0795933	0.248596	0.0213243
825	0.0795704	0.256187	0.0210142
826	0.0825548	0.252808	0.0224053
827	0.0823068	0.248513	0.0213644
828	0.0793174	0.256988	0.0208269
829	0.0833954	0.256727	0.0234994
830	0.0789749	0.262445	0.0233927
831	0.0843927	0.255271	0.0234313
832	0.0851705	0.269874	0.0217515
833	0.0837992	0.275711	0.0212878
834	0.0806665	0.280788	0.0217383
835	0.0839433	0.277879	0.0228058
836	0.0877303	0.26873	0.0216017
837	0.0885428	0.262413	0.0250159
838	0.0841915	0.26318	0.0220218
839	0.0865785	0.282727	0.0222953
840	0.0824198	0.282501	0.0209387
841	0.0860601	0.277499	0.0223212
842	0.0839101	0.282717	0.0229278
843	0.0899697	0.284993	0.0249687
844	0.0840187	0.282815	0.0224396
845	0.0881099	0.279875	0.0220928
846	0.0855497	0.293883	0.0226407
847	0.0875196	0.27796	0.0239771
848	0.0888712	0.291968	0.0226409
849	0.0872107	0.2731	0.0248851
850	0.0909572	0.273009	0.0259514
851	0.0909589	0.284859	0.0234426
852	0.090512	0.280414	0.0242177
853	0.088554	0.297877	0.023425
854	0.0884145	0.301174	0.0241813
855	0.101081	0.291999	0.0239291
856	0.0887802	0.287239	0.0232048
857	0.0909449	0.291959	0.0251193
858	0.0921849	0.303628	0.0238203
859	0.0978296	0.306346	0.024369
860	0.0914973	0.296706	0.0257206
861	0.0948565	0.296085	0.0244164
862	0.090315	0.297761	0.0238618
863	0.0953615	0.315524	0.0242939
864	0.0939657	0.299532	0.0271576
865	0.0928973	0.316103	0.0237939
866	0.0932372	0.31826	0.0244737
867	0.0957243	0.301671	0.0289312
868	0.0936958	0.304369	0.0238706
869	0.0942869	0.296506	0.0253187
870	0.148465	0.335511	0.025363
871	0.0925911	0.318284	0.025458
872	0.0948874	0.306171	0.0256356
873	0.0959932	0.316478	0.0263356
874	0.10627	0.321569	0.0257378
875	0.101602	0.300807	0.0260423
876	0.156979	0.330312	0.0262727
877	0.0998276	0.305185	0.0256445
878	0.094595	0.313096	0.0251867
879	0.0992714	0.333765	0.0247399
880	0.10079	0.328675	0.0250458
881	0.0997286	0.32008	0.0270184
882	0.0994449	0.324032	0.0254111
883	0.097224	0.3273	0.0263892
884	0.0950518	0.321961	0.0245293
885	0.102528	0.347346	0.0256805
886	0.0964364	0.3405	0.0258405
887	0.0997183	0.325896	0.0268917
888	0.109383	0.346204	0.0256649
889	0.116652	0.345345	0.0257377
890	0.0998206	0.349498	0.0263922
891	0.102956	0.338471	0.0264513
892	0.104129	0.350294	0.0267538
893	0.109188	0.342252	0.0273949
894	0.102279	0.347085	0.0261952
895	0.104497	0.352059	0.0267032
896	0.109454	0.336297	0.0272001
897	0.103746	0.335607	0.0271106
898	0.10515	0.339919	0.0293851
899	0.107415	0.352766	0.0281332
900	0.0990034	0.360134	0.0263878
901	0.101853	0.357106	0.027238
902	0.100081	0.347263	0.0274282
903	0.109204	0.349028	0.0280127
904	0.0997183	0.371744	0.027139
905	0.106862	0.347531	0.0269875
906	0.104064	0.360904	0.0271656
907	0.106845	0.367127	0.0290029
908	0.10357	0.353526	0.0269259
909	0.104017	0.376797	0.0279045
910	0.104799	0.355469	0.029848
911	0.108269	0.381099	0.028195
912	0.106206	0.373874	0.0274222
913	0.11218	0.357985	0.0288897
914	0.116008	0.37701	0.0278268
915	0.113236	0.380197	0.0293111
916	0.105651	0.370133	0.0276245
917	0.109394	0.374797	0.0278618
918	0.108526	0.369993	0.0282723
919	0.115043	0.370161	0.0294587
920	0.107947	0.382052	0.0279772
921	0.111415	0.402782	0.0287311
922	0.115969	0.367214	0.0304724
923	0.184902	0.39917	0.0302271
924	0.109057	0.399919	0.0282681
925	0.110904	0.404491	0.0301922
926	0.113059	0.382068	0.0283467
927	0.11941	0.38402	0.031403
928	0.113971	0.382498	0.0313623
929	0.110719	0.391037	0.0295331
930	0.118421	0.403045	0.0301734
931	0.14761	0.397145	0.0303816
932	0.110575	0.394603	0.0293915
933	0.119807	0.418182	0.0304252
934	0.121757	0.398752	0.0293532
935	0.115803	0.414197	0.0315882
936	0.116692	0.404539	0.0298195
937	0.117098	0.397298	0.0295348
938	0.11414	0.421073	0.0293901
939	0.191462	0.438216	0.0308266
940	0.184687	0.417639	0.0302759
941	0.1137	0.407535	0.0296406
942	0.120404	0.403523	0.0314813
943	0.121568	0.419171	0.0310679
944	0.12035	0.407501	0.0318682
945	0.119252	0.431762	0.0321038
946	0.144775	0.428198	0.0318659
947	0.119991	0.437912	0.0317616
948	0.121733	0.442558	0.0297863
949	0.120242	0.439263	0.0306694
950	0.122769	0.416631	0.0356274
951	0.118775	0.439976	0.0315626
952	0.125598	0.420471	0.0317308
953	0.144693	0.42055	0.0322668
954	0.124763	0.427297	0.0313555
955	0.123428	0.447121	0.0317242
956	0.118129	0.449635	0.0306117
957	0.150712	0.47138	0.0333598
958	0.124393	0.436866	0.031435
959	0.197947	0.444796	0.0344475
960	0.1248	0.481901	0.0316902
961	0.123908	0.452635	0.0326513
962	0.195573	0.459642	0.0315937
963	0.14515	0.4834	0.097154
964	0.127878	0.44005	0.031253
965	0.125443	0.471766	0.0371714
966	0.156543	0.458871	0.0338006
967	0.128448	0.475362	0.0333654
968	0.198583	0.483094	0.0324853
969	0.126764	0.454276	0.0344836
970	0.125726	0.446416	0.0332808
971	0.149581	0.446867	0.0343025
972	0.129448	0.44901	0.0317639
973	0.124244	0.464455	0.0336384
974	0.131762	0.453906	0.0337274
975	0.126959	0.47704	0.0344034
976	0.129823	0.476224	0.0323358
977	0.129348	0.456955	0.0372179
978	0.128747	0.472187	0.0334098
979	0.13223	0.49489	0.0353214
980	0.222917	0.530198	0.0422109
981	0.152964	0.521604	0.0478124
982	0.131046	0.466632	0.03436
983	0.134289	0.474481	0.0358316
984	0.13039	0.471186	0.0344713
985	0.130867	0.494111	0.0347985
986	0.135059	0.486722	0.0346774
987	0.161569	0.493159	0.0375891
988	0.204055	0.501427	0.0338979
989	0.133882	0.484822	0.0370985
990	0.141344	0.48283	0.0375078
991	0.158302	0.502642	0.0357806
992	0.13131	0.494147	0.0337948
993	0.136324	0.488356	0.0345778
994	0.138991	0.496807	0.0340491
995	0.157566	0.512032	0.0357444
996	0.193655	0.520894	0.0370107
997	0.232213	0.494621	0.036308
998	0.13707	0.500246	0.0347396
999	0.159413	0.500588	0.0361677
1000	0.132304	0.505488	0.034943
