#fft_2 
0.015625
0.000383572
0.015625
0.00115257
0.015625
0.00192716
0.015625
0.00271119
0.015625
0.00350871
0.015625
0.00432402
0.015625
0.0051618
0.015625
0.00602723
0.015625
0.00692609
0.015625
0.00786496
0.015625
0.00885145
0.015625
0.00989442
0.015625
0.0110044
0.015625
0.0121939
0.015625
0.0134782
0.015625
0.0148762
0.015625
0.0164115
0.015625
0.0181137
0.015625
0.0200216
0.015625
0.0221858
0.015625
0.0246746
0.015625
0.027582
0.015625
0.0310415
0.015625
0.0352494
0.015625
0.0405063
0.015625
0.0472976
0.015625
0.0564615
0.015625
0.0695813
0.015625
0.0900491
0.015625
0.126684
0.015625
0.211823
0.015625
0.636492
0.015625
0.636492
0.015625
0.211823
0.015625
0.126684
0.015625
0.0900491
0.015625
0.0695813
0.015625
0.0564615
0.015625
0.0472976
0.015625
0.0405063
0.015625
0.0352494
0.015625
0.0310415
0.015625
0.027582
0.015625
0.0246746
0.015625
0.0221858
0.015625
0.0200216
0.015625
0.0181137
0.015625
0.0164115
0.015625
0.0148762
0.015625
0.0134782
0.015625
0.0121939
0.015625
0.0110044
0.015625
0.00989442
0.015625
0.00885145
0.015625
0.00786496
0.015625
0.00692609
0.015625
0.00602723
0.015625
0.0051618
0.015625
0.00432402
0.015625
0.00350871
0.015625
0.00271119
0.015625
0.00192716
0.015625
0.00115257
0.015625
0.000383572
